100 100
469
4938
0 1 878
0 6 46
0 9 608
0 11 647
0 12 776
0 15 559
0 18 785
0 21 159
0 24 319
0 25 228
0 26 61
0 31 793
0 32 805
0 33 204
0 34 429
0 41 454
0 44 657
0 48 653
0 49 900
0 51 153
0 53 908
0 54 37
0 58 218
0 64 658
0 68 930
0 69 35
0 70 75
0 72 565
0 73 568
0 75 606
0 80 505
0 81 244
0 85 591
0 86 732
0 88 625
0 89 680
0 91 100
0 96 161
0 98 889
0 99 629
1 0 63
1 3 155
1 4 199
1 5 52
1 6 562
1 7 77
1 8 421
1 11 411
1 12 332
1 14 231
1 16 855
1 17 582
1 18 486
1 19 254
1 23 24
1 24 471
1 26 666
1 27 316
1 30 408
1 32 496
1 37 295
1 40 221
1 41 570
1 42 221
1 46 525
1 47 828
1 48 849
1 51 52
1 53 742
1 55 606
1 60 561
1 67 701
1 68 322
1 69 648
1 71 766
1 75 352
1 76 259
1 77 242
1 78 730
1 79 698
1 80 505
1 83 182
1 85 694
1 88 451
1 89 403
1 91 917
1 92 639
1 96 680
1 97 46
2 2 379
2 3 628
2 4 733
2 6 703
2 7 134
2 10 461
2 13 561
2 14 314
2 15 202
2 18 761
2 19 623
2 20 768
2 21 62
2 23 893
2 27 116
2 30 133
2 34 898
2 37 702
2 40 470
2 42 821
2 43 535
2 47 250
2 48 784
2 50 812
2 56 321
2 58 462
2 60 765
2 61 523
2 62 933
2 64 851
2 65 495
2 66 335
2 68 561
2 69 27
2 70 887
2 71 911
2 73 690
2 74 793
2 75 849
2 77 744
2 78 843
2 81 716
2 83 472
2 87 450
2 90 928
2 91 135
2 94 438
2 96 584
2 99 676
3 1 397
3 2 796
3 8 113
3 10 358
3 11 71
3 13 306
3 14 394
3 17 827
3 18 385
3 19 759
3 21 116
3 23 740
3 28 817
3 31 650
3 36 865
3 37 311
3 38 889
3 41 542
3 43 589
3 44 144
3 45 611
3 47 417
3 48 55
3 49 897
3 50 318
3 52 795
3 53 826
3 54 200
3 55 205
3 57 732
3 59 177
3 61 481
3 68 314
3 70 829
3 71 390
3 72 73
3 73 861
3 74 316
3 75 35
3 78 683
3 79 529
3 81 460
3 83 713
3 84 140
3 86 503
3 89 368
3 90 540
3 91 511
3 92 312
3 93 84
3 98 345
4 0 59
4 1 788
4 4 722
4 9 811
4 10 861
4 11 126
4 12 598
4 20 859
4 21 735
4 22 388
4 23 181
4 25 405
4 28 865
4 29 30
4 34 778
4 36 868
4 37 426
4 38 675
4 44 146
4 45 169
4 51 585
4 56 908
4 59 339
4 60 551
4 63 545
4 64 918
4 66 146
4 67 894
4 68 489
4 70 72
4 71 545
4 74 680
4 77 97
4 81 724
4 83 779
4 85 600
4 86 99
4 87 29
4 88 655
4 89 76
4 90 502
4 91 497
4 92 156
4 93 785
4 95 300
4 96 51
5 4 587
5 5 700
5 6 363
5 11 425
5 12 475
5 13 645
5 16 23
5 17 466
5 18 428
5 19 669
5 20 317
5 21 521
5 22 18
5 23 274
5 24 303
5 25 237
5 27 774
5 28 480
5 29 304
5 30 111
5 33 352
5 38 806
5 39 807
5 41 736
5 43 223
5 47 694
5 48 783
5 49 557
5 53 186
5 54 474
5 55 659
5 57 570
5 58 264
5 60 760
5 62 245
5 63 751
5 64 190
5 66 900
5 67 350
5 73 773
5 76 813
5 77 875
5 78 779
5 80 783
5 81 855
5 82 870
5 88 277
5 89 744
5 90 247
5 91 837
5 93 642
5 94 165
5 95 470
5 98 92
5 99 353
6 0 197
6 1 408
6 4 922
6 7 474
6 10 188
6 15 531
6 16 867
6 17 907
6 20 846
6 24 296
6 25 301
6 26 79
6 28 744
6 31 307
6 33 656
6 34 893
6 36 174
6 37 902
6 38 719
6 39 838
6 40 137
6 41 476
6 42 290
6 46 526
6 47 881
6 48 501
6 49 751
6 50 176
6 52 821
6 53 243
6 54 20
6 57 248
6 58 869
6 59 475
6 60 18
6 65 380
6 66 935
6 70 393
6 71 696
6 72 450
6 73 423
6 79 880
6 80 256
6 81 590
6 82 321
6 83 817
6 84 470
6 86 911
6 87 372
6 89 34
6 90 434
6 92 744
6 93 226
6 94 604
6 96 671
6 98 6
6 99 265
7 0 536
7 4 145
7 9 500
7 10 689
7 11 707
7 13 331
7 14 12
7 15 478
7 16 177
7 17 4
7 20 626
7 21 632
7 22 554
7 24 105
7 26 558
7 30 434
7 33 607
7 37 309
7 38 156
7 39 795
7 40 355
7 42 506
7 44 822
7 47 327
7 48 808
7 49 277
7 53 588
7 55 796
7 57 557
7 58 739
7 59 246
7 60 244
7 62 707
7 63 486
7 64 322
7 68 699
7 69 88
7 70 856
7 71 155
7 72 656
7 78 71
7 79 668
7 81 124
7 82 152
7 83 289
7 84 729
7 85 70
7 87 722
7 88 254
7 89 411
7 91 800
7 92 455
7 94 840
7 95 58
7 97 938
7 99 415
8 0 148
8 1 320
8 2 506
8 3 328
8 5 670
8 6 428
8 7 40
8 8 276
8 9 262
8 11 481
8 12 75
8 14 768
8 17 650
8 18 516
8 20 877
8 21 748
8 24 672
8 25 829
8 26 104
8 27 386
8 28 119
8 29 677
8 31 708
8 32 186
8 33 618
8 34 95
8 35 47
8 37 649
8 47 166
8 49 621
8 50 648
8 51 358
8 52 608
8 60 622
8 62 173
8 63 726
8 64 254
8 65 315
8 70 562
8 76 526
8 81 254
8 82 905
8 83 435
8 85 312
8 86 869
8 87 607
8 89 575
8 92 287
8 93 454
8 96 151
8 99 325
9 1 137
9 3 143
9 4 532
9 5 715
9 6 4
9 9 11
9 10 738
9 11 446
9 13 80
9 16 639
9 17 228
9 18 758
9 22 75
9 23 870
9 24 692
9 25 692
9 26 74
9 27 136
9 28 655
9 31 44
9 32 253
9 35 493
9 37 590
9 38 427
9 39 58
9 44 67
9 45 584
9 46 501
9 49 126
9 50 724
9 52 655
9 54 537
9 55 184
9 56 363
9 57 532
9 58 297
9 60 379
9 64 58
9 65 543
9 66 412
9 67 75
9 68 716
9 69 627
9 73 350
9 74 344
9 76 54
9 83 128
9 84 349
9 85 451
9 86 692
9 88 814
9 89 79
9 95 502
9 96 890
9 97 682
10 3 714
10 4 672
10 5 44
10 6 210
10 7 401
10 9 704
10 10 382
10 12 280
10 17 191
10 18 708
10 21 218
10 22 332
10 23 837
10 25 685
10 26 644
10 30 280
10 31 164
10 32 126
10 33 888
10 38 332
10 43 249
10 44 530
10 45 320
10 47 665
10 51 197
10 54 233
10 56 938
10 57 755
10 58 121
10 60 243
10 61 63
10 62 565
10 63 325
10 64 118
10 66 670
10 67 96
10 68 211
10 69 531
10 70 38
10 72 798
10 73 664
10 74 757
10 78 378
10 80 237
10 82 631
10 86 919
10 87 5
10 91 835
10 95 453
10 98 318
10 99 837
11 0 542
11 2 826
11 4 455
11 5 526
11 10 194
11 11 912
11 13 753
11 18 441
11 19 732
11 27 166
11 28 846
11 29 522
11 32 657
11 37 735
11 38 915
11 40 676
11 43 215
11 44 867
11 46 717
11 49 58
11 50 598
11 52 681
11 54 673
11 55 491
11 56 15
11 57 391
11 60 120
11 63 740
11 64 130
11 65 6
11 67 567
11 69 579
11 70 380
11 71 608
11 72 377
11 73 83
11 74 149
11 75 448
11 76 524
11 77 233
11 79 63
11 81 508
11 82 96
11 84 638
11 85 423
11 87 659
11 90 542
11 91 317
11 92 637
11 94 64
11 96 209
12 0 69
12 3 226
12 4 892
12 6 271
12 8 381
12 10 372
12 11 879
12 14 667
12 15 314
12 17 243
12 19 459
12 20 561
12 21 70
12 22 367
12 25 629
12 28 6
12 29 520
12 30 858
12 36 810
12 39 252
12 40 48
12 41 226
12 42 619
12 46 264
12 49 790
12 52 231
12 55 853
12 57 703
12 59 455
12 63 163
12 64 788
12 65 225
12 66 294
12 67 749
12 68 445
12 71 803
12 73 893
12 76 673
12 78 22
12 79 929
12 80 507
12 81 508
12 84 145
12 87 73
12 89 786
12 91 274
12 92 543
12 93 63
12 97 801
13 0 478
13 1 521
13 2 483
13 5 482
13 6 413
13 7 882
13 8 516
13 9 822
13 10 870
13 11 218
13 13 168
13 14 417
13 17 421
13 18 146
13 19 709
13 23 40
13 24 888
13 25 293
13 26 352
13 28 877
13 31 765
13 32 497
13 34 104
13 37 816
13 41 606
13 43 411
13 44 254
13 48 345
13 49 712
13 50 746
13 53 10
13 54 900
13 60 206
13 62 24
13 63 567
13 67 410
13 69 169
13 73 252
13 79 313
13 81 553
13 82 633
13 85 832
13 87 370
13 89 129
13 90 151
13 95 712
13 96 687
13 97 216
13 99 125
14 0 302
14 1 66
14 2 929
14 3 815
14 7 843
14 8 434
14 10 932
14 14 169
14 16 486
14 17 190
14 18 510
14 20 10
14 24 482
14 25 914
14 26 662
14 30 43
14 34 778
14 36 465
14 37 760
14 39 696
14 42 206
14 47 597
14 54 583
14 55 870
14 56 129
14 58 545
14 59 657
14 62 741
14 67 364
14 69 332
14 71 464
14 74 768
14 75 396
14 76 673
14 78 722
14 79 664
14 80 904
14 88 68
14 91 420
14 93 246
14 95 422
14 96 182
14 97 41
14 98 316
15 1 802
15 3 24
15 14 167
15 17 733
15 20 919
15 21 908
15 23 633
15 24 201
15 25 804
15 26 793
15 27 297
15 30 167
15 35 32
15 36 444
15 37 432
15 41 416
15 44 883
15 45 864
15 46 460
15 50 195
15 53 213
15 55 222
15 57 917
15 58 833
15 61 62
15 62 228
15 63 457
15 64 331
15 65 151
15 66 401
15 67 694
15 69 84
15 70 509
15 72 246
15 74 451
15 75 673
15 76 42
15 78 9
15 79 793
15 81 144
15 83 397
15 84 696
15 85 108
15 86 152
15 88 407
15 89 937
15 90 729
15 92 506
15 96 379
16 0 374
16 1 264
16 6 550
16 7 817
16 12 254
16 16 462
16 23 799
16 24 13
16 28 523
16 29 22
16 31 408
16 32 423
16 34 749
16 42 901
16 43 877
16 50 854
16 51 437
16 55 444
16 57 215
16 61 345
16 63 390
16 65 191
16 67 538
16 68 293
16 70 224
16 71 344
16 75 364
16 76 125
16 77 373
16 78 348
16 80 738
16 81 324
16 86 486
16 89 850
16 90 510
16 97 671
16 98 880
17 3 531
17 4 882
17 7 832
17 10 871
17 11 222
17 14 627
17 17 570
17 19 448
17 20 575
17 22 693
17 23 783
17 24 466
17 25 81
17 29 376
17 31 627
17 32 233
17 35 187
17 36 395
17 37 144
17 41 312
17 42 91
17 43 873
17 44 591
17 45 829
17 46 161
17 47 99
17 50 570
17 51 780
17 53 774
17 54 93
17 56 136
17 58 45
17 59 705
17 62 609
17 72 842
17 76 641
17 79 843
17 80 386
17 84 197
17 85 370
17 91 722
17 92 672
17 94 175
17 95 3
17 96 158
17 97 466
18 1 281
18 2 574
18 3 537
18 6 522
18 8 182
18 13 612
18 15 499
18 16 912
18 21 111
18 23 482
18 24 281
18 26 219
18 28 419
18 30 46
18 31 169
18 32 244
18 39 350
18 40 489
18 42 510
18 43 188
18 44 304
18 45 96
18 46 860
18 51 83
18 52 848
18 55 509
18 60 873
18 61 932
18 62 121
18 64 640
18 65 444
18 67 457
18 69 260
18 70 134
18 73 884
18 82 517
18 84 769
18 85 131
18 89 681
18 91 533
18 94 891
18 96 56
18 98 499
18 99 229
19 4 828
19 6 515
19 7 286
19 8 410
19 9 462
19 10 405
19 14 655
19 16 125
19 18 454
19 19 204
19 24 813
19 27 287
19 28 427
19 30 372
19 31 424
19 37 579
19 38 935
19 41 11
19 42 885
19 43 760
19 44 621
19 46 232
19 48 776
19 49 616
19 50 394
19 52 743
19 54 919
19 60 112
19 61 651
19 62 810
19 64 910
19 66 453
19 68 907
19 70 237
19 75 777
19 81 351
19 82 6
19 85 263
19 86 59
19 87 326
19 91 13
19 97 401
20 0 761
20 2 800
20 3 471
20 4 843
20 7 313
20 9 792
20 10 440
20 11 898
20 12 6
20 13 762
20 15 928
20 16 668
20 19 812
20 20 816
20 21 646
20 22 199
20 24 845
20 25 594
20 26 557
20 27 487
20 29 815
20 31 464
20 33 561
20 34 460
20 36 937
20 39 389
20 40 9
20 43 458
20 49 918
20 52 418
20 57 729
20 58 44
20 59 278
20 61 148
20 64 42
20 65 577
20 71 281
20 72 117
20 73 768
20 74 849
20 75 714
20 80 121
20 82 356
20 83 644
20 84 190
20 87 345
20 88 450
20 93 465
20 97 887
20 98 344
20 99 12
21 4 406
21 5 269
21 8 646
21 9 672
21 12 358
21 13 11
21 14 197
21 17 256
21 19 204
21 20 493
21 27 109
21 31 864
21 32 34
21 38 636
21 39 693
21 41 805
21 44 467
21 45 217
21 47 644
21 49 217
21 50 554
21 54 675
21 58 736
21 64 89
21 66 771
21 67 744
21 68 663
21 69 794
21 70 355
21 72 289
21 74 702
21 76 411
21 77 613
21 78 191
21 79 324
21 80 430
21 81 363
21 82 478
21 84 137
21 86 574
21 88 162
21 91 695
21 93 619
21 95 536
21 99 433
22 1 384
22 2 577
22 3 14
22 4 476
22 7 605
22 8 602
22 9 579
22 13 192
22 17 312
22 21 465
22 22 727
22 24 302
22 25 559
22 27 87
22 28 636
22 31 291
22 33 281
22 35 468
22 36 875
22 39 813
22 40 533
22 42 495
22 43 525
22 44 589
22 45 677
22 46 242
22 47 687
22 49 788
22 51 440
22 52 854
22 60 365
22 61 493
22 66 814
22 67 885
22 69 752
22 70 916
22 72 279
22 73 440
22 74 373
22 75 162
22 76 86
22 79 683
22 80 87
22 81 610
22 82 881
22 84 643
22 85 253
22 87 285
22 88 46
22 89 238
22 90 922
22 96 492
22 97 410
22 98 268
23 0 174
23 3 161
23 5 559
23 7 551
23 12 151
23 13 365
23 14 661
23 15 747
23 20 505
23 21 850
23 22 163
23 23 391
23 26 320
23 27 162
23 28 144
23 29 366
23 30 795
23 32 419
23 33 134
23 34 149
23 37 497
23 38 831
23 40 829
23 41 516
23 43 245
23 45 131
23 46 427
23 48 309
23 51 806
23 53 622
23 55 213
23 56 729
23 57 35
23 59 738
23 60 597
23 61 285
23 62 277
23 65 72
23 66 547
23 69 82
23 70 70
23 72 50
23 75 265
23 76 641
23 77 281
23 78 339
23 81 166
23 82 405
23 83 693
23 84 423
23 85 358
23 88 539
23 91 937
23 92 263
23 95 528
23 96 805
24 2 666
24 10 696
24 11 232
24 12 220
24 13 542
24 15 220
24 16 887
24 20 423
24 21 77
24 23 303
24 26 622
24 36 131
24 37 453
24 38 809
24 40 209
24 41 842
24 42 198
24 43 154
24 46 419
24 47 20
24 49 502
24 53 386
24 54 721
24 64 875
24 65 928
24 70 157
24 71 875
24 72 526
24 74 269
24 76 388
24 77 430
24 80 877
24 81 910
24 84 77
24 85 846
24 87 156
24 89 231
24 91 137
24 92 605
24 95 817
24 96 581
24 97 708
25 1 816
25 2 61
25 3 213
25 6 604
25 9 432
25 10 404
25 15 66
25 18 602
25 21 841
25 25 143
25 26 628
25 27 11
25 29 413
25 33 468
25 34 500
25 35 69
25 38 704
25 39 361
25 40 95
25 43 855
25 44 751
25 45 445
25 49 713
25 53 891
25 55 356
25 56 911
25 57 433
25 59 414
25 60 460
25 61 386
25 63 369
25 65 471
25 66 644
25 67 622
25 68 673
25 75 287
25 77 520
25 79 671
25 83 94
25 84 72
25 88 177
25 92 836
25 93 139
25 97 429
26 1 820
26 2 430
26 3 757
26 7 435
26 11 78
26 12 803
26 14 513
26 16 133
26 17 116
26 18 601
26 21 390
26 24 58
26 26 704
26 27 351
26 31 753
26 35 508
26 36 282
26 37 750
26 38 24
26 40 927
26 41 819
26 45 105
26 46 89
26 47 774
26 48 351
26 52 738
26 53 134
26 55 325
26 58 769
26 59 89
26 60 725
26 62 555
26 64 840
26 65 296
26 67 677
26 68 564
26 69 825
26 70 188
26 71 467
26 72 840
26 73 689
26 74 455
26 75 788
26 76 858
26 77 883
26 78 635
26 80 382
26 82 138
26 83 286
26 84 737
26 87 539
26 89 342
26 90 323
26 93 451
26 98 139
26 99 865
27 3 364
27 4 797
27 5 831
27 6 807
27 7 883
27 8 340
27 11 743
27 13 600
27 14 470
27 15 542
27 16 698
27 20 897
27 23 674
27 25 403
27 28 149
27 29 627
27 30 926
27 33 770
27 38 168
27 43 382
27 44 435
27 45 828
27 47 535
27 48 196
27 49 467
27 53 875
27 54 191
27 57 152
27 58 579
27 59 418
27 60 791
27 62 928
27 65 501
27 66 175
27 68 707
27 69 670
27 71 714
27 75 471
27 77 695
27 78 22
27 81 733
27 82 316
27 84 426
27 85 693
27 88 926
27 90 190
27 92 114
27 94 498
27 98 100
28 4 671
28 7 540
28 11 452
28 14 57
28 16 919
28 18 225
28 19 608
28 22 187
28 24 367
28 25 528
28 26 41
28 31 613
28 34 397
28 35 39
28 37 21
28 38 927
28 43 603
28 44 512
28 45 263
28 46 278
28 47 553
28 48 567
28 49 158
28 50 670
28 52 648
28 53 381
28 55 216
28 57 807
28 59 462
28 61 619
28 62 408
28 66 855
28 68 424
28 70 47
28 72 836
28 73 564
28 74 426
28 76 136
28 77 338
28 79 99
28 85 337
28 86 314
28 89 273
28 90 119
28 91 239
28 92 264
28 94 861
28 95 412
28 96 265
28 97 413
28 98 681
28 99 476
29 0 846
29 1 477
29 3 19
29 7 557
29 8 264
29 9 603
29 10 635
29 11 60
29 13 63
29 14 596
29 17 595
29 20 625
29 22 830
29 23 337
29 26 273
29 33 892
29 39 646
29 44 193
29 45 807
29 46 100
29 51 667
29 55 575
29 56 875
29 58 497
29 59 690
29 61 255
29 63 18
29 68 446
29 69 213
29 75 482
29 77 299
29 79 190
29 80 578
29 82 385
29 83 761
29 85 62
29 89 906
29 91 832
29 92 454
29 95 242
29 96 260
29 97 825
30 0 408
30 6 332
30 10 201
30 13 324
30 14 536
30 16 889
30 18 626
30 21 720
30 25 122
30 30 870
30 32 665
30 33 384
30 35 162
30 36 354
30 38 927
30 39 837
30 41 727
30 42 171
30 44 275
30 46 525
30 47 585
30 48 514
30 50 445
30 51 485
30 52 219
30 56 907
30 57 486
30 60 153
30 62 568
30 64 609
30 69 279
30 70 392
30 71 572
30 73 437
30 74 582
30 75 265
30 77 167
30 78 746
30 80 134
30 81 437
30 84 278
30 87 400
30 89 900
30 93 241
30 96 140
30 97 223
31 2 189
31 3 194
31 6 645
31 9 406
31 10 301
31 11 67
31 15 856
31 16 448
31 17 536
31 21 463
31 22 66
31 23 632
31 26 361
31 27 869
31 29 309
31 31 256
31 33 301
31 34 656
31 36 211
31 37 409
31 40 445
31 41 333
31 43 86
31 48 286
31 50 772
31 51 137
31 58 628
31 59 428
31 62 381
31 63 591
31 65 777
31 66 783
31 67 291
31 68 21
31 71 593
31 75 502
31 78 421
31 82 771
31 85 145
31 90 422
31 91 677
31 92 690
31 93 761
31 96 427
31 98 443
32 0 289
32 6 504
32 7 598
32 8 913
32 9 289
32 11 449
32 14 924
32 15 315
32 16 14
32 19 312
32 21 773
32 24 475
32 26 734
32 28 747
32 29 637
32 31 219
32 33 268
32 37 404
32 39 522
32 40 358
32 41 3
32 42 130
32 44 772
32 45 239
32 46 202
32 47 358
32 49 759
32 50 214
32 51 405
32 54 130
32 58 932
32 59 801
32 60 293
32 61 156
32 63 551
32 66 122
32 68 15
32 72 730
32 75 807
32 77 776
32 79 735
32 80 511
32 81 383
32 82 207
32 83 117
32 84 542
32 92 845
32 93 44
32 94 525
32 95 418
32 97 428
32 98 917
33 4 373
33 5 280
33 6 264
33 8 740
33 10 638
33 11 250
33 13 16
33 15 833
33 17 310
33 20 639
33 21 230
33 22 625
33 24 189
33 28 158
33 29 446
33 30 170
33 31 872
33 32 156
33 34 798
33 36 682
33 38 902
33 41 562
33 42 418
33 43 801
33 44 394
33 45 682
33 49 899
33 53 710
33 57 154
33 59 675
33 62 932
33 63 830
33 64 817
33 65 523
33 67 800
33 68 707
33 69 728
33 70 900
33 73 902
33 75 247
33 81 334
33 86 193
33 87 387
33 90 565
33 91 805
33 93 766
33 96 580
33 98 926
34 1 35
34 5 817
34 8 178
34 13 929
34 15 708
34 17 277
34 18 359
34 19 441
34 27 605
34 32 735
34 34 929
34 35 131
34 37 523
34 38 268
34 39 461
34 40 384
34 42 875
34 43 203
34 46 861
34 49 512
34 51 673
34 53 398
34 54 107
34 56 751
34 57 306
34 59 465
34 60 128
34 61 248
34 63 876
34 64 39
34 66 546
34 67 573
34 68 310
34 71 715
34 74 216
34 75 904
34 76 105
34 79 707
34 81 98
34 82 659
34 83 16
34 84 276
34 88 755
34 89 633
34 91 669
34 92 925
34 95 149
34 96 302
34 97 745
34 98 635
35 0 356
35 1 330
35 2 844
35 3 650
35 7 424
35 8 328
35 10 266
35 12 112
35 17 216
35 18 102
35 21 622
35 24 386
35 25 631
35 26 937
35 27 607
35 28 524
35 30 59
35 32 685
35 34 312
35 37 69
35 39 872
35 41 654
35 42 83
35 43 228
35 44 695
35 46 291
35 48 739
35 51 687
35 54 298
35 55 726
35 57 516
35 59 99
35 60 481
35 61 823
35 62 74
35 64 577
35 65 761
35 67 672
35 69 604
35 72 809
35 73 462
35 74 543
35 75 408
35 76 791
35 77 362
35 78 258
35 80 443
35 81 656
35 83 528
35 84 562
35 86 450
35 89 804
35 91 377
35 92 845
35 95 114
35 97 411
35 98 390
36 1 152
36 2 684
36 4 32
36 5 712
36 7 764
36 9 769
36 15 499
36 17 474
36 20 783
36 21 678
36 25 924
36 27 911
36 29 460
36 34 196
36 35 70
36 39 462
36 40 431
36 41 479
36 42 735
36 49 477
36 50 620
36 54 465
36 56 826
36 57 398
36 59 231
36 60 903
36 62 836
36 64 819
36 65 401
36 66 305
36 68 384
36 70 519
36 72 216
36 73 396
36 74 293
36 76 118
36 79 127
36 81 601
36 83 167
36 88 244
36 89 789
36 90 591
36 93 400
36 97 299
36 98 753
36 99 532
37 0 639
37 1 121
37 2 169
37 3 154
37 4 644
37 5 268
37 11 344
37 12 584
37 14 585
37 15 208
37 18 381
37 21 325
37 26 425
37 29 661
37 30 732
37 33 327
37 34 451
37 35 302
37 36 263
37 37 859
37 39 269
37 40 918
37 41 21
37 45 140
37 51 384
37 53 931
37 55 760
37 59 312
37 64 895
37 67 431
37 72 151
37 76 646
37 77 101
37 81 432
37 82 374
37 83 817
37 84 171
37 87 61
37 89 621
37 90 71
37 93 405
37 96 604
37 97 163
38 4 496
38 6 394
38 7 835
38 10 641
38 11 262
38 12 297
38 16 366
38 17 420
38 20 456
38 21 7
38 22 395
38 23 671
38 24 566
38 26 285
38 27 65
38 28 114
38 29 227
38 30 448
38 31 543
38 32 333
38 40 400
38 41 4
38 43 35
38 46 196
38 48 71
38 50 359
38 51 911
38 54 371
38 55 399
38 56 921
38 59 304
38 60 678
38 61 108
38 62 186
38 63 672
38 64 46
38 65 469
38 66 494
38 70 36
38 72 866
38 73 755
38 74 16
38 75 107
38 76 776
38 77 678
38 79 49
38 81 409
38 83 62
38 84 556
38 85 433
38 86 867
38 93 426
38 95 762
38 96 341
38 97 160
38 98 744
38 99 36
39 0 541
39 1 696
39 2 265
39 3 748
39 4 278
39 5 189
39 7 819
39 9 278
39 10 758
39 12 4
39 16 597
39 17 727
39 20 922
39 25 925
39 29 225
39 30 753
39 32 395
39 33 659
39 34 408
39 35 668
39 36 324
39 37 766
39 38 590
39 40 394
39 41 752
39 47 766
39 49 582
39 51 81
39 52 108
39 59 172
39 60 207
39 61 162
39 62 766
39 63 766
39 64 46
39 65 524
39 66 358
39 68 550
39 70 557
39 71 433
39 72 15
39 75 517
39 76 95
39 78 872
39 80 492
39 82 201
39 84 742
39 87 189
39 88 399
39 89 934
39 90 289
39 91 878
39 93 319
39 94 805
39 96 605
39 97 137
39 98 729
39 99 381
40 0 372
40 4 569
40 5 622
40 7 35
40 9 615
40 13 904
40 14 848
40 15 618
40 17 876
40 18 813
40 22 139
40 23 103
40 25 452
40 28 101
40 29 909
40 30 59
40 32 383
40 35 931
40 36 859
40 39 350
40 40 913
40 41 879
40 42 169
40 43 388
40 44 904
40 45 431
40 46 741
40 47 589
40 49 209
40 54 487
40 55 816
40 57 861
40 58 417
40 59 327
40 60 913
40 61 407
40 66 437
40 67 646
40 68 736
40 69 415
40 71 860
40 73 827
40 75 57
40 76 161
40 81 402
40 85 662
40 86 339
40 88 193
40 92 562
40 94 116
40 98 826
40 99 386
41 1 41
41 5 816
41 7 855
41 14 915
41 15 84
41 17 213
41 19 5
41 20 52
41 23 170
41 24 46
41 25 404
41 29 785
41 31 459
41 40 342
41 43 767
41 45 66
41 47 429
41 51 290
41 55 722
41 59 917
41 62 47
41 65 865
41 66 605
41 67 688
41 68 506
41 70 508
41 74 341
41 75 711
41 76 391
41 78 762
41 79 11
41 82 283
41 85 900
41 87 482
41 90 852
41 93 250
41 94 911
41 97 272
41 99 273
42 0 457
42 3 499
42 4 340
42 6 322
42 7 873
42 11 163
42 15 653
42 18 900
42 22 484
42 23 113
42 24 28
42 26 641
42 28 465
42 29 555
42 31 40
42 34 294
42 36 464
42 37 779
42 39 2
42 41 137
42 42 532
42 43 804
42 45 768
42 47 66
42 48 171
42 49 699
42 51 665
42 52 391
42 56 756
42 57 236
42 59 400
42 60 52
42 62 745
42 63 555
42 67 14
42 69 784
42 70 316
42 71 474
42 72 912
42 73 132
42 74 666
42 77 844
42 80 857
42 81 361
42 83 80
42 85 430
42 86 660
42 87 396
42 88 642
42 91 140
42 93 62
42 96 135
42 99 519
43 2 117
43 7 379
43 8 105
43 12 150
43 14 715
43 15 222
43 16 229
43 17 915
43 25 4
43 28 541
43 29 193
43 32 60
43 33 846
43 34 789
43 36 173
43 38 103
43 42 36
43 44 538
43 46 366
43 50 558
43 51 25
43 52 463
43 54 7
43 56 705
43 57 699
43 59 105
43 61 45
43 65 3
43 66 813
43 67 63
43 70 557
43 74 883
43 77 814
43 78 186
43 79 658
43 81 723
43 82 450
43 83 162
43 85 383
43 87 650
43 89 729
43 91 242
43 92 848
43 98 726
44 1 514
44 6 362
44 7 390
44 9 165
44 10 188
44 12 146
44 14 877
44 17 83
44 18 557
44 19 118
44 20 453
44 21 266
44 23 12
44 25 365
44 34 403
44 35 519
44 37 708
44 38 710
44 40 243
44 42 417
44 45 796
44 46 356
44 47 86
44 48 300
44 51 822
44 52 538
44 53 342
44 56 382
44 58 320
44 60 460
44 62 430
44 63 878
44 66 25
44 71 104
44 72 363
44 73 538
44 75 787
44 83 545
44 84 690
44 85 709
44 87 891
44 88 557
44 90 325
44 94 314
44 99 670
45 3 24
45 4 890
45 6 764
45 7 838
45 11 199
45 12 699
45 15 394
45 16 436
45 17 305
45 21 190
45 28 743
45 29 154
45 31 403
45 32 326
45 35 361
45 36 723
45 37 316
45 39 361
45 41 187
45 44 294
45 45 893
45 47 478
45 48 345
45 49 889
45 50 177
45 52 655
45 53 833
45 54 151
45 57 560
45 59 411
45 61 931
45 63 855
45 64 42
45 67 888
45 68 683
45 70 190
45 71 243
45 74 831
45 76 645
45 78 719
45 80 113
45 81 574
45 86 204
45 87 1
45 88 316
45 89 672
45 90 134
45 91 15
45 93 112
45 94 581
45 95 567
46 0 80
46 2 438
46 4 380
46 5 191
46 7 556
46 9 426
46 11 290
46 14 792
46 17 570
46 18 615
46 21 486
46 22 112
46 25 896
46 31 62
46 33 923
46 38 366
46 41 94
46 42 162
46 43 812
46 46 142
46 47 767
46 48 443
46 49 706
46 51 912
46 54 134
46 57 680
46 62 61
46 63 606
46 65 701
46 66 313
46 67 878
46 68 904
46 70 447
46 73 330
46 74 3
46 76 915
46 77 131
46 78 262
46 80 819
46 82 576
46 85 58
46 86 195
46 88 791
46 90 49
46 93 914
46 96 812
46 97 233
46 98 363
46 99 889
47 2 533
47 4 65
47 7 700
47 8 147
47 9 342
47 10 676
47 11 5
47 12 79
47 16 470
47 21 559
47 23 751
47 25 413
47 26 814
47 31 891
47 32 607
47 34 595
47 35 85
47 36 423
47 40 639
47 42 918
47 43 133
47 45 907
47 47 497
47 48 613
47 50 54
47 51 219
47 55 756
47 56 615
47 57 711
47 58 101
47 59 550
47 61 498
47 63 696
47 64 115
47 66 396
47 67 124
47 69 562
47 74 267
47 75 334
47 76 754
47 77 727
47 78 315
47 81 442
47 84 314
47 85 493
47 86 7
47 87 135
47 91 534
47 92 536
47 93 767
47 94 407
47 95 430
47 96 18
47 98 440
47 99 335
48 1 825
48 2 925
48 4 169
48 5 404
48 6 392
48 7 241
48 8 651
48 10 849
48 13 170
48 14 221
48 15 188
48 16 753
48 17 75
48 19 271
48 20 405
48 22 597
48 25 650
48 27 607
48 28 657
48 31 71
48 35 28
48 36 71
48 37 925
48 41 808
48 43 171
48 44 245
48 49 205
48 50 202
48 51 206
48 55 696
48 58 479
48 60 471
48 62 349
48 63 661
48 68 478
48 69 628
48 71 240
48 73 274
48 75 511
48 76 447
48 77 138
48 78 236
48 80 469
48 81 876
48 82 429
48 84 16
48 86 628
48 87 577
48 88 705
48 90 135
48 91 856
48 92 902
48 93 171
48 97 406
49 1 880
49 5 482
49 6 268
49 11 420
49 14 431
49 15 496
49 19 470
49 20 511
49 21 371
49 23 62
49 25 262
49 26 684
49 31 257
49 34 121
49 36 876
49 38 469
49 41 403
49 42 359
49 43 603
49 44 830
49 46 421
49 50 240
49 55 427
49 57 196
49 58 584
49 59 637
49 61 789
49 62 893
49 63 325
49 67 637
49 68 153
49 70 879
49 71 528
49 72 499
49 74 124
49 76 607
49 77 791
49 79 82
49 89 310
49 92 59
49 93 880
49 94 538
49 95 151
49 96 213
49 99 136
50 1 897
50 3 428
50 4 84
50 9 210
50 10 326
50 11 307
50 14 602
50 15 766
50 20 371
50 21 656
50 23 159
50 25 734
50 27 90
50 28 813
50 29 57
50 30 591
50 34 789
50 35 293
50 36 645
50 39 339
50 41 599
50 42 351
50 43 4
50 47 624
50 49 726
50 50 131
50 51 82
50 54 933
50 55 314
50 56 273
50 60 718
50 62 838
50 64 284
50 65 150
50 66 506
50 69 231
50 70 112
50 71 893
50 73 275
50 76 833
50 77 569
50 80 370
50 81 749
50 84 592
50 85 155
50 87 195
50 89 91
50 96 877
51 0 505
51 2 59
51 4 82
51 7 515
51 11 26
51 12 571
51 15 742
51 16 193
51 22 315
51 23 852
51 24 325
51 25 926
51 28 29
51 29 107
51 30 156
51 31 641
51 33 310
51 34 744
51 39 490
51 42 477
51 43 905
51 44 284
51 46 310
51 48 519
51 49 591
51 50 903
51 51 328
51 54 702
51 55 851
51 56 550
51 57 495
51 58 703
51 59 385
51 60 842
51 61 718
51 63 345
51 64 735
51 66 265
51 70 557
51 71 610
51 74 488
51 75 189
51 78 666
51 80 740
51 84 215
51 85 109
51 87 107
51 90 553
51 91 491
51 93 78
51 95 502
51 97 141
51 98 405
51 99 862
52 1 902
52 4 537
52 6 447
52 14 541
52 15 3
52 17 656
52 18 560
52 22 794
52 24 9
52 26 134
52 27 702
52 28 727
52 29 539
52 30 647
52 31 554
52 32 855
52 33 735
52 34 157
52 35 812
52 37 834
52 39 748
52 44 433
52 52 331
52 54 530
52 57 353
52 58 36
52 59 396
52 61 380
52 66 117
52 68 517
52 69 532
52 71 56
52 78 889
52 79 187
52 86 321
52 87 756
52 88 268
52 90 594
52 91 408
52 95 501
52 98 895
52 99 270
53 0 241
53 9 812
53 10 706
53 13 452
53 16 440
53 17 159
53 18 685
53 19 173
53 21 188
53 22 659
53 24 140
53 25 168
53 26 400
53 27 832
53 28 312
53 29 45
53 30 619
53 32 293
53 36 202
53 38 210
53 40 102
53 41 780
53 42 256
53 44 652
53 49 832
53 50 723
53 51 803
53 53 757
53 54 259
53 56 387
53 59 596
53 62 860
53 65 135
53 70 127
53 71 364
53 72 190
53 73 797
53 74 513
53 75 524
53 76 301
53 79 374
53 80 97
53 81 178
53 83 190
53 84 96
53 90 52
53 91 165
53 93 236
53 94 548
53 96 69
53 98 492
54 1 297
54 2 797
54 3 356
54 5 821
54 7 927
54 8 585
54 11 828
54 14 694
54 19 163
54 21 446
54 22 736
54 23 797
54 26 742
54 29 249
54 30 644
54 32 527
54 34 930
54 35 788
54 36 227
54 39 550
54 40 601
54 42 862
54 44 127
54 45 784
54 46 683
54 48 316
54 49 727
54 52 207
54 54 720
54 56 97
54 57 127
54 58 178
54 59 425
54 61 686
54 62 751
54 65 890
54 66 724
54 67 843
54 70 720
54 73 837
54 77 138
54 78 653
54 79 869
54 81 595
54 82 726
54 84 678
54 87 257
54 89 24
54 90 706
54 92 279
54 93 112
54 95 461
54 96 538
54 98 782
55 1 803
55 2 730
55 6 186
55 7 301
55 8 162
55 9 523
55 13 194
55 16 280
55 19 63
55 20 718
55 21 37
55 22 779
55 23 665
55 24 668
55 26 211
55 27 875
55 29 332
55 30 652
55 31 132
55 32 338
55 43 138
55 45 315
55 46 544
55 47 739
55 49 647
55 50 809
55 54 71
55 55 905
55 56 530
55 65 634
55 66 128
55 67 633
55 68 383
55 69 475
55 70 184
55 71 228
55 73 253
55 75 196
55 76 97
55 81 40
55 83 702
55 88 244
55 97 677
56 1 814
56 3 437
56 4 82
56 9 669
56 10 349
56 15 681
56 16 556
56 17 393
56 18 519
56 19 619
56 20 781
56 21 600
56 26 463
56 29 353
56 31 796
56 32 195
56 33 277
56 38 102
56 39 544
56 41 49
56 42 810
56 44 724
56 45 884
56 46 651
56 47 684
56 50 69
56 52 817
56 55 284
56 58 742
56 62 49
56 64 156
56 65 42
56 67 893
56 70 7
56 71 19
56 72 144
56 74 72
56 76 593
56 77 683
56 78 265
56 79 822
56 81 722
56 82 502
56 84 629
56 86 225
56 87 904
56 88 317
56 89 671
56 91 177
56 92 531
56 96 71
56 97 929
56 98 726
57 2 196
57 3 553
57 4 730
57 5 898
57 6 231
57 8 618
57 10 917
57 11 138
57 13 626
57 16 928
57 17 905
57 19 916
57 22 587
57 25 50
57 26 827
57 27 194
57 30 594
57 32 769
57 34 47
57 36 103
57 38 644
57 40 793
57 43 13
57 44 137
57 47 139
57 49 819
57 52 902
57 54 317
57 57 238
57 58 66
57 59 76
57 61 878
57 62 69
57 66 616
57 67 12
57 68 125
57 69 113
57 70 97
57 72 249
57 73 352
57 74 792
57 76 625
57 79 66
57 81 123
57 84 245
57 85 48
57 92 937
57 93 137
57 95 659
57 98 446
58 1 169
58 3 464
58 4 454
58 6 230
58 7 262
58 8 34
58 9 380
58 11 366
58 12 846
58 13 781
58 15 329
58 19 769
58 20 114
58 21 545
58 27 510
58 29 316
58 30 617
58 31 617
58 33 84
58 34 382
58 37 90
58 39 25
58 40 838
58 42 823
58 43 540
58 44 94
58 45 345
58 46 121
58 47 284
58 49 100
58 50 37
58 51 873
58 54 332
58 55 793
58 56 481
58 62 735
58 63 562
58 64 424
58 68 936
58 70 509
58 71 22
58 74 144
58 75 521
58 77 4
58 80 563
58 84 802
58 86 787
58 88 482
58 91 517
58 92 467
58 93 96
58 98 680
58 99 315
59 2 349
59 5 710
59 7 404
59 9 710
59 10 636
59 12 287
59 13 523
59 17 85
59 20 406
59 27 687
59 28 638
59 32 50
59 34 275
59 38 617
59 41 208
59 44 120
59 49 286
59 50 539
59 54 438
59 55 428
59 58 926
59 60 141
59 62 466
59 65 856
59 67 496
59 70 850
59 71 652
59 77 905
59 81 302
59 82 298
59 84 668
59 85 816
59 89 39
59 91 872
59 92 311
59 95 697
59 98 579
59 99 288
60 0 834
60 2 463
60 5 774
60 9 859
60 11 455
60 13 277
60 18 639
60 19 470
60 20 285
60 26 264
60 28 536
60 31 799
60 32 290
60 39 70
60 40 543
60 42 541
60 44 656
60 48 873
60 53 808
60 54 814
60 56 117
60 57 547
60 58 215
60 59 876
60 60 569
60 61 359
60 62 28
60 66 537
60 67 453
60 71 752
60 79 144
60 80 373
60 82 885
60 87 511
60 89 40
60 92 632
60 94 356
60 96 204
60 98 61
61 0 18
61 1 21
61 3 678
61 4 333
61 6 344
61 9 924
61 10 527
61 12 451
61 14 188
61 20 725
61 21 485
61 22 693
61 25 388
61 27 214
61 29 815
61 30 39
61 32 374
61 33 927
61 35 585
61 40 637
61 41 17
61 43 114
61 45 308
61 46 396
61 47 71
61 48 528
61 50 849
61 55 114
61 59 342
61 60 739
61 61 611
61 62 899
61 63 673
61 64 891
61 65 681
61 66 813
61 67 288
61 71 771
61 72 138
61 73 389
61 75 584
61 76 478
61 77 357
61 82 621
61 84 137
61 86 211
61 88 106
61 89 103
61 90 392
61 93 96
61 94 164
61 95 453
61 96 887
62 3 90
62 4 361
62 6 40
62 11 89
62 12 916
62 17 324
62 18 896
62 20 448
62 28 363
62 29 14
62 31 630
62 33 143
62 34 935
62 37 249
62 38 250
62 41 231
62 44 683
62 49 899
62 50 931
62 51 915
62 53 19
62 54 38
62 55 622
62 56 597
62 58 161
62 60 917
62 62 404
62 66 764
62 67 341
62 69 452
62 72 196
62 74 267
62 76 125
62 79 464
62 81 897
62 82 785
62 84 710
62 85 142
62 86 516
62 90 673
62 91 768
62 92 569
62 93 610
62 98 897
63 0 405
63 2 488
63 4 698
63 6 871
63 11 918
63 12 85
63 14 21
63 15 118
63 16 411
63 17 116
63 20 476
63 21 863
63 27 202
63 29 724
63 30 121
63 33 523
63 34 912
63 35 481
63 36 856
63 37 515
63 38 288
63 39 125
63 41 933
63 42 258
63 44 84
63 47 890
63 48 210
63 50 676
63 52 371
63 53 155
63 54 847
63 56 369
63 61 743
63 64 138
63 65 778
63 66 168
63 67 585
63 71 245
63 72 126
63 73 321
63 75 238
63 78 594
63 79 819
63 80 670
63 81 591
63 82 547
63 83 463
63 84 480
63 87 441
63 90 195
63 91 432
63 93 630
63 94 355
63 95 303
63 97 391
63 99 878
64 0 356
64 1 860
64 2 299
64 4 262
64 7 840
64 8 175
64 10 883
64 12 126
64 14 376
64 15 81
64 17 2
64 20 184
64 23 515
64 26 641
64 27 193
64 30 29
64 32 541
64 33 927
64 35 875
64 37 436
64 38 277
64 39 448
64 40 674
64 41 364
64 43 849
64 46 268
64 48 270
64 50 33
64 52 122
64 54 539
64 56 833
64 58 922
64 59 52
64 60 834
64 62 463
64 63 146
64 65 657
64 66 747
64 67 735
64 68 520
64 71 733
64 72 759
64 73 422
64 76 633
64 77 572
64 85 559
64 86 368
64 87 825
64 88 724
64 89 703
64 91 135
64 92 113
64 96 916
64 97 849
64 99 399
65 0 694
65 1 819
65 2 243
65 3 425
65 4 813
65 5 485
65 6 257
65 8 30
65 9 4
65 10 151
65 12 882
65 13 409
65 15 844
65 17 824
65 21 936
65 22 204
65 23 14
65 25 692
65 27 840
65 28 724
65 30 570
65 33 191
65 36 171
65 38 708
65 39 813
65 40 842
65 43 570
65 44 657
65 45 722
65 46 928
65 50 449
65 51 625
65 57 314
65 58 390
65 59 211
65 62 899
65 64 844
65 68 706
65 70 214
65 71 818
65 72 467
65 73 628
65 74 252
65 78 662
65 83 369
65 84 345
65 85 187
65 88 356
65 89 482
65 91 266
65 92 699
65 94 754
65 96 130
65 98 80
66 2 614
66 4 511
66 5 740
66 6 436
66 7 179
66 10 332
66 12 328
66 14 24
66 16 803
66 17 786
66 18 320
66 20 85
66 24 810
66 27 608
66 35 431
66 38 671
66 39 594
66 41 205
66 46 319
66 47 169
66 49 693
66 51 723
66 54 179
66 55 160
66 57 834
66 58 59
66 59 179
66 61 885
66 62 487
66 64 393
66 65 467
66 66 443
66 68 485
66 69 250
66 70 406
66 77 872
66 78 225
66 81 171
66 83 19
66 84 719
66 87 468
66 88 308
66 89 344
66 93 290
66 95 707
66 98 551
66 99 147
67 1 685
67 4 756
67 7 697
67 9 918
67 11 434
67 14 271
67 15 916
67 16 424
67 18 933
67 19 223
67 20 508
67 24 252
67 25 379
67 26 89
67 28 195
67 30 296
67 31 768
67 36 267
67 37 108
67 38 2
67 42 798
67 44 694
67 45 507
67 47 619
67 50 544
67 51 239
67 52 596
67 54 747
67 55 853
67 56 882
67 59 483
67 60 579
67 62 692
67 63 752
67 64 662
67 67 834
67 75 39
67 78 624
67 79 198
67 81 561
67 83 122
67 87 570
67 95 124
67 96 394
67 98 424
67 99 154
68 1 634
68 3 128
68 4 269
68 5 709
68 8 739
68 12 356
68 14 719
68 18 106
68 27 296
68 30 680
68 38 739
68 39 362
68 40 88
68 42 218
68 45 771
68 47 642
68 49 610
68 52 870
68 53 776
68 54 733
68 55 914
68 58 284
68 60 611
68 61 687
68 62 248
68 63 94
68 64 628
68 66 321
68 67 704
68 68 700
68 70 667
68 72 109
68 73 537
68 76 881
68 78 110
68 81 563
68 82 802
68 83 549
68 84 165
68 86 228
68 87 711
68 88 568
68 89 922
68 90 674
68 92 708
68 93 593
68 94 881
68 95 209
68 99 877
69 1 344
69 4 647
69 6 468
69 8 692
69 10 659
69 13 123
69 15 65
69 16 806
69 18 123
69 20 76
69 21 339
69 25 88
69 27 759
69 28 620
69 29 14
69 32 102
69 34 558
69 41 651
69 42 892
69 43 839
69 48 722
69 50 162
69 53 599
69 55 311
69 57 143
69 58 771
69 60 426
69 62 196
69 63 183
69 64 540
69 65 860
69 66 227
69 67 736
69 69 188
69 70 15
69 73 327
69 74 625
69 76 452
69 82 395
69 88 553
69 90 690
69 91 587
69 92 428
69 95 549
69 97 663
70 0 185
70 2 186
70 7 543
70 8 199
70 9 887
70 10 812
70 11 729
70 12 668
70 14 294
70 18 861
70 19 567
70 21 611
70 22 129
70 26 581
70 29 156
70 30 537
70 31 258
70 34 921
70 35 489
70 36 394
70 38 252
70 39 566
70 40 347
70 41 679
70 43 802
70 47 468
70 48 149
70 49 910
70 50 127
70 52 690
70 53 491
70 54 903
70 56 901
70 58 14
70 59 434
70 60 8
70 62 142
70 63 345
70 64 920
70 67 622
70 68 843
70 69 778
70 71 369
70 73 732
70 74 79
70 76 684
70 78 537
70 79 4
70 80 180
70 82 416
70 83 44
70 84 378
70 85 347
70 86 128
70 88 182
70 89 270
70 93 476
70 94 60
70 95 351
70 96 116
70 98 884
70 99 509
71 0 769
71 5 145
71 7 400
71 9 2
71 10 197
71 12 749
71 13 852
71 15 855
71 16 802
71 22 286
71 26 934
71 28 358
71 29 464
71 30 563
71 34 613
71 35 264
71 37 893
71 41 858
71 42 74
71 44 522
71 45 714
71 49 476
71 50 673
71 57 639
71 61 240
71 62 866
71 64 873
71 66 588
71 67 921
71 68 59
71 71 603
71 72 262
71 75 567
71 76 622
71 77 706
71 78 727
71 83 238
71 84 309
71 85 307
71 86 639
71 87 556
71 89 315
71 90 339
71 91 553
71 94 533
71 97 783
71 98 698
72 1 703
72 2 352
72 6 787
72 8 155
72 9 463
72 11 904
72 13 633
72 16 338
72 17 835
72 18 112
72 20 225
72 22 929
72 23 507
72 26 686
72 28 314
72 29 30
72 32 664
72 33 269
72 35 101
72 38 600
72 39 124
72 40 512
72 41 330
72 43 378
72 44 778
72 48 477
72 50 391
72 51 403
72 52 697
72 54 419
72 55 46
72 58 495
72 59 876
72 60 4
72 61 734
72 62 414
72 63 736
72 65 132
72 74 807
72 76 418
72 77 564
72 78 552
72 82 53
72 83 510
72 84 636
72 86 408
72 88 503
72 95 421
72 97 227
72 98 818
72 99 348
73 2 674
73 5 423
73 6 705
73 8 216
73 9 124
73 11 496
73 12 650
73 18 322
73 20 921
73 21 329
73 23 83
73 25 722
73 28 938
73 29 432
73 30 214
73 31 732
73 32 434
73 33 652
73 34 685
73 35 534
73 36 614
73 37 824
73 38 711
73 39 324
73 42 15
73 43 248
73 44 814
73 48 679
73 53 250
73 55 445
73 56 445
73 58 319
73 61 548
73 62 323
73 65 157
73 68 304
73 70 15
73 72 489
73 73 198
73 75 361
73 76 864
73 79 639
73 82 364
73 86 518
73 87 290
73 88 808
73 89 381
73 90 879
73 92 281
73 93 701
73 94 98
73 96 443
73 98 374
74 1 225
74 2 360
74 3 209
74 5 477
74 6 334
74 8 656
74 13 250
74 14 770
74 16 671
74 17 715
74 21 549
74 27 820
74 28 115
74 29 908
74 33 829
74 35 37
74 38 222
74 40 801
74 41 233
74 44 753
74 45 226
74 47 843
74 48 538
74 49 219
74 53 731
74 54 612
74 57 21
74 59 493
74 60 727
74 61 211
74 62 223
74 64 805
74 65 597
74 66 679
74 71 61
74 72 686
74 73 832
74 74 142
74 75 368
74 76 64
74 83 244
74 84 398
74 85 499
74 86 50
74 87 748
74 88 433
74 93 377
74 95 565
74 96 358
74 97 465
75 0 228
75 6 426
75 8 559
75 11 477
75 12 107
75 13 626
75 16 7
75 19 7
75 20 14
75 25 131
75 27 401
75 29 781
75 30 699
75 32 608
75 35 788
75 36 811
75 37 201
75 40 708
75 43 365
75 45 722
75 46 254
75 52 805
75 54 10
75 55 132
75 58 703
75 59 683
75 61 437
75 64 273
75 66 213
75 69 548
75 70 260
75 72 74
75 73 823
75 78 781
75 79 836
75 80 12
75 81 420
75 85 870
75 87 131
75 89 581
75 92 800
75 93 141
75 94 94
75 96 330
75 99 561
76 0 229
76 1 76
76 6 162
76 7 215
76 8 407
76 11 718
76 12 143
76 13 340
76 15 330
76 17 685
76 19 179
76 20 616
76 23 544
76 28 351
76 29 556
76 30 269
76 31 601
76 33 136
76 40 239
76 49 417
76 50 864
76 51 645
76 52 69
76 54 347
76 55 855
76 56 619
76 57 760
76 58 768
76 59 815
76 61 741
76 63 478
76 64 936
76 65 810
76 66 386
76 70 791
76 71 783
76 74 345
76 75 98
76 78 7
76 79 417
76 82 235
76 83 550
76 84 534
76 85 436
76 87 843
76 89 677
76 92 425
76 96 915
76 97 172
77 0 68
77 1 209
77 2 116
77 5 97
77 7 667
77 8 237
77 9 814
77 13 177
77 14 147
77 15 539
77 18 693
77 21 514
77 22 191
77 24 904
77 26 116
77 27 842
77 29 823
77 32 466
77 33 339
77 34 543
77 37 50
77 38 611
77 42 506
77 43 529
77 46 638
77 48 159
77 49 303
77 53 920
77 55 673
77 57 86
77 61 11
77 64 223
77 65 507
77 70 740
77 71 621
77 73 554
77 74 882
77 75 269
77 76 31
77 81 122
77 82 730
77 83 612
77 84 792
77 85 906
77 86 30
77 87 538
77 89 655
77 91 65
77 92 517
77 97 150
77 98 18
78 1 546
78 4 725
78 5 828
78 6 849
78 10 227
78 11 241
78 15 349
78 16 584
78 21 45
78 22 768
78 23 327
78 24 858
78 28 521
78 30 251
78 31 576
78 32 662
78 34 586
78 38 286
78 40 736
78 42 592
78 43 71
78 45 34
78 47 750
78 48 684
78 52 776
78 53 293
78 55 287
78 57 145
78 59 77
78 61 888
78 62 624
78 63 430
78 64 569
78 66 767
78 70 283
78 71 579
78 76 412
78 77 133
78 78 729
78 80 877
78 82 211
78 84 838
78 86 437
78 92 814
78 94 745
78 95 524
78 98 94
79 0 440
79 1 451
79 2 657
79 4 659
79 5 778
79 6 770
79 9 137
79 10 127
79 11 485
79 12 763
79 14 477
79 16 679
79 19 823
79 20 856
79 22 832
79 27 462
79 28 579
79 30 735
79 35 816
79 37 251
79 40 124
79 41 532
79 42 422
79 43 199
79 44 740
79 46 823
79 47 183
79 48 502
79 49 639
79 50 836
79 52 314
79 54 297
79 55 751
79 56 365
79 57 501
79 58 471
79 65 216
79 66 566
79 67 250
79 68 666
79 69 879
79 71 150
79 72 631
79 73 475
79 74 82
79 80 692
79 85 461
79 87 350
79 88 791
79 90 585
79 92 903
79 96 886
79 97 89
79 98 845
79 99 335
80 0 710
80 1 482
80 2 360
80 3 351
80 4 685
80 6 442
80 7 111
80 8 649
80 10 409
80 12 655
80 14 769
80 17 178
80 23 607
80 24 876
80 25 342
80 27 797
80 29 36
80 34 271
80 36 385
80 37 906
80 41 489
80 45 12
80 46 57
80 47 704
80 48 122
80 50 92
80 52 32
80 53 23
80 54 910
80 56 308
80 57 416
80 58 255
80 61 424
80 62 446
80 64 153
80 65 458
80 66 178
80 67 595
80 68 119
80 69 141
80 70 575
80 72 172
80 75 391
80 76 632
80 78 389
80 79 868
80 82 298
80 86 40
80 87 60
80 88 87
80 92 670
80 93 145
80 94 813
80 95 903
80 96 919
81 4 670
81 6 386
81 7 8
81 8 226
81 9 213
81 10 557
81 11 621
81 12 189
81 14 460
81 18 157
81 20 197
81 22 156
81 24 237
81 25 19
81 30 869
81 31 527
81 32 203
81 34 50
81 35 889
81 36 85
81 38 318
81 40 362
81 42 645
81 44 798
81 45 355
81 47 198
81 50 740
81 52 827
81 53 145
81 54 260
81 56 214
81 57 819
81 60 496
81 61 937
81 64 796
81 65 98
81 69 515
81 70 575
81 72 767
81 73 756
81 74 117
81 75 104
81 76 253
81 77 605
81 79 616
81 80 590
81 81 452
81 83 476
81 85 778
81 86 646
81 87 678
81 89 573
81 92 61
81 94 512
81 95 535
81 97 9
82 3 538
82 4 88
82 6 61
82 9 605
82 11 891
82 12 730
82 13 662
82 17 40
82 19 375
82 21 822
82 22 321
82 23 34
82 24 638
82 29 225
82 32 271
82 35 118
82 36 849
82 37 36
82 39 447
82 41 850
82 42 585
82 46 79
82 47 842
82 49 916
82 50 240
82 55 860
82 56 576
82 58 63
82 59 121
82 60 222
82 63 748
82 65 596
82 67 712
82 69 694
82 70 374
82 71 844
82 73 664
82 75 65
82 76 810
82 79 700
82 82 589
82 83 743
82 86 491
82 87 365
82 89 663
82 90 669
82 91 668
82 95 339
82 97 239
82 98 537
83 1 789
83 4 42
83 7 537
83 8 443
83 16 368
83 17 153
83 19 165
83 20 421
83 21 547
83 25 101
83 28 787
83 30 389
83 31 270
83 32 739
83 35 808
83 37 59
83 38 336
83 40 499
83 43 613
83 44 851
83 47 450
83 48 876
83 49 425
83 50 560
83 51 677
83 52 894
83 53 577
83 59 606
83 60 685
83 70 745
83 71 351
83 72 205
83 73 19
83 75 264
83 76 42
83 78 833
83 79 755
83 80 826
83 81 603
83 82 598
83 84 798
83 87 729
83 88 930
83 89 41
83 94 511
83 95 291
83 96 862
83 97 876
84 0 712
84 2 594
84 4 789
84 5 56
84 11 893
84 17 496
84 18 233
84 19 757
84 20 605
84 21 568
84 22 620
84 23 293
84 26 917
84 31 511
84 32 745
84 35 516
84 37 86
84 41 775
84 42 777
84 44 573
84 45 203
84 46 233
84 50 422
84 51 676
84 53 817
84 55 73
84 57 51
84 58 694
84 61 138
84 63 130
84 66 159
84 69 706
84 70 838
84 71 769
84 72 462
84 73 607
84 75 919
84 77 888
84 78 365
84 81 921
84 82 739
84 83 342
84 85 99
84 88 283
84 90 93
84 91 792
84 92 248
84 94 845
84 95 171
84 96 316
85 2 640
85 3 369
85 5 642
85 6 53
85 8 197
85 9 520
85 12 195
85 13 5
85 14 250
85 15 209
85 16 833
85 19 807
85 21 769
85 22 382
85 23 784
85 25 928
85 26 512
85 28 804
85 31 482
85 32 71
85 33 262
85 34 112
85 35 752
85 36 715
85 38 61
85 41 441
85 45 54
85 46 99
85 48 334
85 49 123
85 52 917
85 55 779
85 59 274
85 60 611
85 61 590
85 63 642
85 64 505
85 65 119
85 66 930
85 68 853
85 69 171
85 70 232
85 71 181
85 73 150
85 74 614
85 75 76
85 77 268
85 82 667
85 85 698
85 87 616
85 88 739
85 89 534
85 92 322
85 94 763
85 95 235
85 96 230
85 98 150
85 99 535
86 5 390
86 7 131
86 9 785
86 10 194
86 13 281
86 17 267
86 18 707
86 19 240
86 20 712
86 23 843
86 24 128
86 26 651
86 28 653
86 29 150
86 32 45
86 33 806
86 34 840
86 37 512
86 39 297
86 43 376
86 44 96
86 47 937
86 49 685
86 50 473
86 53 894
86 56 155
86 58 884
86 63 346
86 64 401
86 69 661
86 76 140
86 77 866
86 78 140
86 79 459
86 81 555
86 82 753
86 83 864
86 86 709
86 88 156
86 89 915
86 90 908
86 91 569
86 92 15
86 93 673
86 94 306
86 96 167
86 97 588
86 99 588
87 1 364
87 3 503
87 4 89
87 7 618
87 11 353
87 13 675
87 14 756
87 15 39
87 16 276
87 20 728
87 21 746
87 24 626
87 25 327
87 26 532
87 28 816
87 29 453
87 31 39
87 32 698
87 33 580
87 37 225
87 38 855
87 39 217
87 42 273
87 43 277
87 45 449
87 48 711
87 49 525
87 51 825
87 52 402
87 54 8
87 55 376
87 56 631
87 58 143
87 60 865
87 62 173
87 64 430
87 66 677
87 67 636
87 68 446
87 70 689
87 71 192
87 74 448
87 76 37
87 77 323
87 78 227
87 81 461
87 82 21
87 84 334
87 87 878
87 89 21
87 91 435
87 92 348
87 94 860
87 96 406
87 97 167
87 98 887
87 99 594
88 3 565
88 5 736
88 10 638
88 12 382
88 13 505
88 16 40
88 17 110
88 18 167
88 19 248
88 21 856
88 22 322
88 23 137
88 25 795
88 30 334
88 31 179
88 33 892
88 35 353
88 39 342
88 40 323
88 42 414
88 45 54
88 46 775
88 47 904
88 48 390
88 51 638
88 52 576
88 53 467
88 54 741
88 55 179
88 56 774
88 57 300
88 58 202
88 62 591
88 63 780
88 64 800
88 65 114
88 67 498
88 69 163
88 77 253
88 81 628
88 82 914
88 83 435
88 84 368
88 88 448
88 89 636
88 90 303
88 92 250
88 93 60
88 94 889
88 99 202
89 0 897
89 1 512
89 2 618
89 5 226
89 6 363
89 9 113
89 16 909
89 17 97
89 20 168
89 22 569
89 23 904
89 28 429
89 29 933
89 31 687
89 34 237
89 36 301
89 38 361
89 39 129
89 44 336
89 46 805
89 49 333
89 52 572
89 56 589
89 57 593
89 60 39
89 62 584
89 65 239
89 66 794
89 75 97
89 76 152
89 79 662
89 82 618
89 85 690
89 86 392
89 90 927
89 91 838
89 96 735
89 99 267
90 1 453
90 7 171
90 11 861
90 12 895
90 13 377
90 16 296
90 23 314
90 24 320
90 25 815
90 27 482
90 29 491
90 34 846
90 35 325
90 36 83
90 44 154
90 45 846
90 46 890
90 47 308
90 49 652
90 53 492
90 54 706
90 56 921
90 57 767
90 58 189
90 61 40
90 62 901
90 66 548
90 67 303
90 68 613
90 69 752
90 71 914
90 73 840
90 74 850
90 76 119
90 79 612
90 81 362
90 82 753
90 85 826
90 87 515
90 89 746
90 91 644
90 94 429
90 96 241
90 97 717
90 98 73
91 0 739
91 2 374
91 3 478
91 5 5
91 6 338
91 11 63
91 12 934
91 15 161
91 18 10
91 19 528
91 20 318
91 21 906
91 22 650
91 24 57
91 26 55
91 30 499
91 35 777
91 36 720
91 37 518
91 39 868
91 40 757
91 41 692
91 42 229
91 45 707
91 46 333
91 48 724
91 50 34
91 51 693
91 52 754
91 59 240
91 60 159
91 63 200
91 64 693
91 66 121
91 67 204
91 69 2
91 70 187
91 71 875
91 73 822
91 75 104
91 76 478
91 79 210
91 80 886
91 84 935
91 85 269
91 87 497
91 90 210
91 96 511
91 99 23
92 0 768
92 1 600
92 3 7
92 4 573
92 7 103
92 8 812
92 11 594
92 12 375
92 13 584
92 14 741
92 16 271
92 17 350
92 21 889
92 23 341
92 24 710
92 27 470
92 28 256
92 32 480
92 34 401
92 41 433
92 46 574
92 47 629
92 48 197
92 52 480
92 53 881
92 57 895
92 58 909
92 60 635
92 63 801
92 67 662
92 68 561
92 70 595
92 71 10
92 72 713
92 77 894
92 78 369
92 79 430
92 83 280
92 84 344
92 86 817
92 87 840
92 88 488
92 89 703
92 90 109
92 92 304
92 93 156
92 94 234
92 97 312
92 98 719
93 0 645
93 3 311
93 4 520
93 5 379
93 6 439
93 11 865
93 13 441
93 14 496
93 17 8
93 18 441
93 19 847
93 21 340
93 25 620
93 27 674
93 28 907
93 31 530
93 37 162
93 40 376
93 41 15
93 43 916
93 49 726
93 51 405
93 53 235
93 54 358
93 58 850
93 59 843
93 61 770
93 63 901
93 64 137
93 67 717
93 68 826
93 71 740
93 73 321
93 74 89
93 75 513
93 78 377
93 79 905
93 80 738
93 81 648
93 83 414
93 84 141
93 87 566
93 90 225
93 92 255
93 94 209
93 95 35
93 97 553
93 98 548
93 99 632
94 0 55
94 1 171
94 2 171
94 4 639
94 6 420
94 7 931
94 8 96
94 9 187
94 10 66
94 14 195
94 15 97
94 16 256
94 17 418
94 19 369
94 20 273
94 22 916
94 24 127
94 27 843
94 30 785
94 31 711
94 32 803
94 33 92
94 35 117
94 41 834
94 43 478
94 44 243
94 45 895
94 46 209
94 48 851
94 50 350
94 51 710
94 52 611
94 53 874
94 55 753
94 56 542
94 58 923
94 59 850
94 61 326
94 62 650
94 64 226
94 65 72
94 66 358
94 67 65
94 68 385
94 72 749
94 76 472
94 80 341
94 81 837
94 82 90
94 85 651
94 87 83
94 94 823
94 97 75
94 98 208
94 99 511
95 1 298
95 2 373
95 3 65
95 5 16
95 6 172
95 7 826
95 8 59
95 10 248
95 11 793
95 12 269
95 14 731
95 16 662
95 17 369
95 18 619
95 21 171
95 24 799
95 27 577
95 30 567
95 36 491
95 42 158
95 46 791
95 47 370
95 49 394
95 54 476
95 55 409
95 56 662
95 57 25
95 58 138
95 59 495
95 62 546
95 63 667
95 67 924
95 69 448
95 70 257
95 72 432
95 74 400
95 75 18
95 78 24
95 81 691
95 86 496
95 88 810
95 89 124
95 93 406
95 94 889
95 96 845
95 97 791
96 0 605
96 1 747
96 2 905
96 3 540
96 5 865
96 8 173
96 10 692
96 11 487
96 13 503
96 14 295
96 16 246
96 19 699
96 20 858
96 21 126
96 22 803
96 23 533
96 27 522
96 28 928
96 29 159
96 30 862
96 31 490
96 37 195
96 40 53
96 43 481
96 44 356
96 47 858
96 48 902
96 51 811
96 55 232
96 57 7
96 58 926
96 59 386
96 61 697
96 62 443
96 64 12
96 65 932
96 68 77
96 70 697
96 71 605
96 72 243
96 74 228
96 75 778
96 77 713
96 78 812
96 79 662
96 81 462
96 82 357
96 84 897
96 87 195
96 88 16
96 91 305
96 93 171
96 96 553
96 97 784
96 98 741
96 99 501
97 1 873
97 5 362
97 6 468
97 11 21
97 14 513
97 16 816
97 17 542
97 21 891
97 23 58
97 24 102
97 27 844
97 28 527
97 30 13
97 31 308
97 33 442
97 35 372
97 36 20
97 37 29
97 41 579
97 42 874
97 45 856
97 46 543
97 47 254
97 51 845
97 52 172
97 55 232
97 56 499
97 57 637
97 61 476
97 62 746
97 65 729
97 68 610
97 72 23
97 76 299
97 79 354
97 81 494
97 82 646
97 85 162
97 86 247
97 88 498
97 90 100
97 92 185
97 94 577
97 95 314
97 99 220
98 4 880
98 5 20
98 6 385
98 8 129
98 13 905
98 14 306
98 15 185
98 17 169
98 19 61
98 21 619
98 22 176
98 30 705
98 31 379
98 34 397
98 38 890
98 40 104
98 42 451
98 43 617
98 44 278
98 47 40
98 49 431
98 50 407
98 51 440
98 53 77
98 57 497
98 62 390
98 63 577
98 67 92
98 69 35
98 76 590
98 78 35
98 83 420
98 85 408
98 86 463
98 87 169
98 89 621
98 90 650
98 91 515
98 93 851
98 95 905
98 98 482
98 99 465
99 1 680
99 2 600
99 5 175
99 8 549
99 10 878
99 12 52
99 14 40
99 15 314
99 17 282
99 18 675
99 19 372
99 20 205
99 21 172
99 22 383
99 24 427
99 25 92
99 27 37
99 29 232
99 32 387
99 35 311
99 37 624
99 39 510
99 41 230
99 42 738
99 43 499
99 44 79
99 45 344
99 48 146
99 50 324
99 51 879
99 54 380
99 55 300
99 56 210
99 57 7
99 58 551
99 59 448
99 62 93
99 65 248
99 67 4
99 68 661
99 69 617
99 71 132
99 73 538
99 74 567
99 75 492
99 78 22
99 79 902
99 83 124
99 85 7
99 87 405
99 90 55
99 91 770
99 94 379
99 95 416
99 96 189
99 97 587
99 98 359