100 97
4947
4752
71 29 4947
16 93 4947
48 45 4947
50 91 4947
83 39 4947
44 47 4947
78 45 4947
55 61 4947
29 45 4947
6 61 4947
22 5 4947
25 47 4947
85 61 4947
1 67 4947
18 7 4947
59 45 4947
36 61 4947
52 5 4947
54 51 4947
31 67 4947
64 15 4947
3 5 4947
66 61 4947
98 13 4947
43 77 4947
82 5 4947
17 61 4947
77 75 4947
61 67 4947
94 15 4947
33 5 4947
93 19 4947
10 21 4947
73 77 4947
67 3 4947
12 67 4947
89 21 4947
5 27 4947
79 13 4947
63 5 4947
68 83 4947
40 21 4947
58 75 4947
42 67 4947
80 93 4947
19 83 4947
74 19 4947
51 35 4947
35 27 4947
53 81 4947
86 29 4947
70 21 4947
9 11 4947
47 37 4947
88 75 4947
65 91 4947
49 83 4947
21 21 4947
81 35 4947
83 81 4947
32 35 4947
16 27 4947
95 91 4947
34 81 4947
28 37 4947
27 41 4947
62 35 4947
39 51 4947
23 43 4947
96 33 4947
13 35 4947
25 89 4947
57 41 4947
92 35 4947
69 51 4947
8 41 4947
30 59 4947
87 41 4947
20 51 4947
4 43 4947
64 57 4947
99 51 4947
38 41 4947
76 67 4947
15 57 4947
31 1 4947
50 51 4947
94 57 4947
11 59 4947
43 11 4947
84 49 4947
45 57 4947
77 9 4947
22 73 4947
61 1 4947
79 55 4947
73 11 4947
18 75 4947
12 1 4947
91 65 4947
75 57 4947
52 73 4947
24 11 4947
68 17 4947
86 71 4947
58 9 4947
3 73 4947
42 1 4947
47 79 4947
80 27 4947
19 17 4947
98 81 4947
82 73 4947
21 63 4947
54 11 4947
53 15 4947
88 9 4947
33 73 4947
93 87 4947
65 25 4947
10 89 4947
49 17 4947
26 33 4947
67 71 4947
89 89 4947
83 15 4947
28 79 4947
0 17 4947
60 31 4947
5 95 4947
63 73 4947
95 25 4947
40 89 4947
34 15 4947
39 93 4947
72 41 4947
56 33 4947
74 87 4947
13 77 4947
46 25 4947
35 95 4947
90 31 4947
7 33 4947
70 89 4947
9 79 4947
69 93 4947
41 31 4947
25 23 4947
2 39 4947
20 93 4947
37 33 4947
97 47 4947
14 49 4947
71 31 4947
16 95 4947
48 47 4947
50 93 4947
44 49 4947
76 1 4947
78 47 4947
55 63 4947
27 1 4947
29 47 4947
6 63 4947
22 7 4947
85 63 4947
24 53 4947
57 1 4947
1 69 4947
18 9 4947
59 47 4947
36 63 4947
80 69 4947
52 7 4947
54 53 4947
87 1 4947
86 5 4947
31 69 4947
3 7 4947
66 63 4947
98 15 4947
43 79 4947
82 7 4947
77 77 4947
61 69 4947
33 7 4947
93 21 4947
10 23 4947
67 5 4947
12 69 4947
72 83 4947
89 23 4947
28 13 4947
5 29 4947
46 67 4947
79 15 4947
63 7 4947
68 85 4947
40 23 4947
58 77 4947
42 69 4947
74 21 4947
19 85 4947
51 37 4947
35 29 4947
53 83 4947
70 23 4947
9 13 4947
14 91 4947
47 39 4947
88 77 4947
65 93 4947
49 85 4947
21 23 4947
81 37 4947
20 27 4947
83 83 4947
0 85 4947
32 37 4947
44 91 4947
16 29 4947
76 43 4947
34 83 4947
50 27 4947
27 43 4947
62 37 4947
39 53 4947
23 45 4947
96 35 4947
13 37 4947
25 91 4947
57 43 4947
18 51 4947
92 37 4947
69 53 4947
8 43 4947
30 61 4947
1 3 4947
87 43 4947
4 45 4947
64 59 4947
38 43 4947
98 57 4947
15 59 4947
31 3 4947
94 59 4947
11 61 4947
10 65 4947
43 13 4947
84 51 4947
45 59 4947
77 11 4947
22 75 4947
61 3 4947
79 57 4947
40 65 4947
73 13 4947
12 3 4947
91 67 4947
75 59 4947
52 75 4947
46 1 4947
68 19 4947
86 73 4947
58 11 4947
3 75 4947
70 65 4947
42 3 4947
47 81 4947
19 19 4947
82 75 4947
21 65 4947
53 17 4947
88 11 4947
33 75 4947
93 89 4947
32 79 4947
65 27 4947
49 19 4947
26 35 4947
67 73 4947
89 91 4947
28 81 4947
83 17 4947
60 33 4947
63 75 4947
62 79 4947
95 27 4947
34 17 4947
39 95 4947
56 35 4947
74 89 4947
13 79 4947
90 33 4947
7 35 4947
92 79 4947
9 81 4947
69 95 4947
41 33 4947
25 25 4947
2 41 4947
20 95 4947
4 87 4947
37 35 4947
97 49 4947
14 51 4947
99 95 4947
71 33 4947
48 49 4947
50 95 4947
44 51 4947
43 55 4947
76 3 4947
84 93 4947
78 49 4947
17 39 4947
55 65 4947
29 49 4947
73 55 4947
6 65 4947
22 9 4947
85 65 4947
24 55 4947
1 71 4947
18 11 4947
59 49 4947
91 1 4947
36 65 4947
80 71 4947
52 9 4947
54 55 4947
31 71 4947
86 7 4947
3 9 4947
47 15 4947
65 69 4947
98 17 4947
82 9 4947
77 79 4947
61 71 4947
33 9 4947
93 23 4947
10 25 4947
95 69 4947
67 7 4947
12 71 4947
72 85 4947
89 25 4947
28 15 4947
5 31 4947
46 69 4947
63 9 4947
68 87 4947
7 77 4947
40 25 4947
39 29 4947
58 79 4947
42 71 4947
74 23 4947
19 87 4947
13 13 4947
51 39 4947
35 31 4947
53 85 4947
37 77 4947
70 25 4947
9 15 4947
69 29 4947
14 93 4947
49 87 4947
81 39 4947
20 29 4947
83 85 4947
32 39 4947
44 93 4947
16 31 4947
76 45 4947
34 85 4947
50 29 4947
27 45 4947
11 37 4947
29 91 4947
62 39 4947
23 47 4947
96 37 4947
25 93 4947
57 45 4947
18 53 4947
59 91 4947
92 39 4947
91 43 4947
8 45 4947
30 63 4947
1 5 4947
87 45 4947
4 47 4947
64 61 4947
3 51 4947
80 5 4947
38 45 4947
98 59 4947
15 61 4947
31 5 4947
94 61 4947
33 51 4947
10 67 4947
84 53 4947
45 61 4947
77 13 4947
22 77 4947
89 67 4947
61 5 4947
79 59 4947
63 51 4947
95 3 4947
40 67 4947
12 5 4947
72 19 4947
75 61 4947
52 77 4947
46 3 4947
68 21 4947
86 75 4947
58 13 4947
70 67 4947
42 5 4947
47 83 4947
19 21 4947
82 77 4947
21 67 4947
81 81 4947
53 19 4947
14 27 4947
88 13 4947
93 91 4947
32 81 4947
49 21 4947
26 37 4947
67 75 4947
83 19 4947
28 83 4947
0 21 4947
60 35 4947
44 27 4947
62 81 4947
34 19 4947
56 37 4947
74 91 4947
13 81 4947
90 35 4947
7 37 4947
6 41 4947
92 81 4947
9 83 4947
41 35 4947
25 27 4947
2 43 4947
4 89 4947
97 51 4947
36 41 4947
71 35 4947
48 51 4947
66 41 4947
43 57 4947
84 95 4947
78 51 4947
17 41 4947
55 67 4947
10 1 4947
29 51 4947
73 57 4947
22 11 4947
85 67 4947
24 57 4947
1 73 4947
40 1 4947
58 55 4947
91 3 4947
80 73 4947
52 11 4947
54 57 4947
86 9 4947
31 73 4947
70 1 4947
3 11 4947
47 17 4947
88 55 4947
65 71 4947
82 11 4947
21 1 4947
26 79 4947
77 81 4947
61 73 4947
33 11 4947
93 25 4947
32 15 4947
95 71 4947
67 9 4947
12 73 4947
72 87 4947
56 79 4947
89 27 4947
28 17 4947
5 33 4947
46 71 4947
63 11 4947
68 89 4947
62 15 4947
7 79 4947
39 31 4947
42 73 4947
74 25 4947
19 89 4947
13 15 4947
51 41 4947
35 33 4947
53 87 4947
92 15 4947
37 79 4947
9 17 4947
69 31 4947
14 95 4947
30 39 4947
49 89 4947
48 93 4947
81 41 4947
20 31 4947
4 23 4947
83 87 4947
44 95 4947
99 31 4947
16 33 4947
76 47 4947
34 87 4947
78 93 4947
50 31 4947
27 47 4947
11 39 4947
84 29 4947
29 93 4947
23 49 4947
55 1 4947
96 39 4947
25 95 4947
57 47 4947
6 1 4947
18 55 4947
59 93 4947
91 45 4947
8 47 4947
52 53 4947
85 1 4947
1 7 4947
87 47 4947
64 63 4947
3 53 4947
80 7 4947
38 47 4947
98 61 4947
82 53 4947
15 63 4947
31 7 4947
94 63 4947
33 53 4947
65 5 4947
10 69 4947
45 63 4947
77 15 4947
89 69 4947
61 7 4947
79 61 4947
63 53 4947
40 69 4947
95 5 4947
12 7 4947
72 21 4947
75 63 4947
74 67 4947
46 5 4947
51 83 4947
68 23 4947
7 13 4947
86 77 4947
70 69 4947
42 7 4947
47 85 4947
19 23 4947
21 69 4947
81 83 4947
53 21 4947
37 13 4947
14 29 4947
93 93 4947
32 83 4947
49 23 4947
26 39 4947
67 77 4947
83 21 4947
28 85 4947
60 37 4947
44 29 4947
62 83 4947
34 21 4947
23 91 4947
56 39 4947
55 43 4947
96 81 4947
13 83 4947
90 37 4947
29 27 4947
6 43 4947
92 83 4947
9 85 4947
41 37 4947
25 29 4947
85 43 4947
2 45 4947
59 27 4947
4 91 4947
97 53 4947
36 43 4947
38 89 4947
71 37 4947
48 53 4947
66 43 4947
43 59 4947
78 53 4947
17 43 4947
77 57 4947
10 3 4947
73 59 4947
89 3 4947
22 13 4947
24 59 4947
1 75 4947
40 3 4947
58 57 4947
80 75 4947
19 65 4947
52 13 4947
51 17 4947
54 59 4947
86 11 4947
31 75 4947
70 3 4947
47 19 4947
88 57 4947
65 73 4947
49 65 4947
82 13 4947
21 3 4947
81 17 4947
26 81 4947
61 75 4947
0 65 4947
93 27 4947
32 17 4947
95 73 4947
67 11 4947
12 75 4947
72 89 4947
56 81 4947
28 19 4947
5 35 4947
46 73 4947
68 91 4947
62 17 4947
7 81 4947
39 33 4947
23 25 4947
42 75 4947
41 79 4947
74 27 4947
13 17 4947
35 35 4947
53 89 4947
92 17 4947
37 81 4947
97 95 4947
9 19 4947
69 33 4947
30 41 4947
71 79 4947
48 95 4947
20 33 4947
4 25 4947
83 89 4947
16 35 4947
76 49 4947
34 89 4947
78 95 4947
50 33 4947
27 49 4947
11 41 4947
84 31 4947
29 95 4947
45 39 4947
22 55 4947
55 3 4947
96 41 4947
57 49 4947
18 57 4947
59 95 4947
91 47 4947
75 39 4947
8 49 4947
52 55 4947
1 9 4947
87 49 4947
64 65 4947
3 55 4947
80 9 4947
38 49 4947
98 63 4947
82 55 4947
31 9 4947
94 65 4947
33 55 4947
65 7 4947
10 71 4947
26 15 4947
67 53 4947
77 17 4947
89 71 4947
61 9 4947
79 63 4947
63 55 4947
95 7 4947
40 71 4947
12 9 4947
72 23 4947
56 15 4947
74 69 4947
46 7 4947
51 85 4947
68 25 4947
7 15 4947
86 79 4947
70 71 4947
42 9 4947
47 87 4947
19 25 4947
21 71 4947
81 85 4947
53 23 4947
37 15 4947
14 31 4947
32 85 4947
16 77 4947
49 25 4947
48 29 4947
83 23 4947
28 87 4947
60 39 4947
44 31 4947
62 85 4947
34 23 4947
78 29 4947
23 93 4947
55 45 4947
96 83 4947
13 85 4947
90 39 4947
29 29 4947
6 45 4947
92 85 4947
8 91 4947
41 39 4947
25 31 4947
85 45 4947
2 47 4947
59 29 4947
4 93 4947
97 55 4947
36 45 4947
38 91 4947
71 39 4947
66 45 4947
43 61 4947
17 45 4947
77 59 4947
10 5 4947
73 61 4947
12 51 4947
89 5 4947
24 61 4947
68 67 4947
1 77 4947
40 5 4947
58 59 4947
42 51 4947
80 77 4947
74 3 4947
19 67 4947
51 19 4947
54 61 4947
86 13 4947
31 77 4947
70 5 4947
47 21 4947
88 59 4947
65 75 4947
49 67 4947
21 5 4947
26 83 4947
81 19 4947
61 77 4947
60 81 4947
93 29 4947
32 19 4947
16 11 4947
95 75 4947
34 65 4947
67 13 4947
72 91 4947
56 83 4947
28 21 4947
5 37 4947
46 75 4947
90 81 4947
62 19 4947
7 83 4947
39 35 4947
23 27 4947
41 81 4947
96 17 4947
13 19 4947
2 89 4947
35 37 4947
53 91 4947
92 19 4947
37 83 4947
9 21 4947
69 35 4947
8 25 4947
30 43 4947
71 81 4947
20 35 4947
4 27 4947
83 91 4947
99 35 4947
38 25 4947
76 51 4947
15 41 4947
50 35 4947
94 41 4947
27 51 4947
11 43 4947
84 33 4947
45 41 4947
22 57 4947
57 51 4947
18 59 4947
91 49 4947
75 41 4947
52 57 4947
1 11 4947
87 51 4947
86 55 4947
3 57 4947
80 11 4947
19 1 4947
98 65 4947
82 57 4947
31 11 4947
33 57 4947
93 71 4947
65 9 4947
10 73 4947
49 1 4947
26 17 4947
67 55 4947
89 73 4947
61 11 4947
0 1 4947
5 79 4947
79 65 4947
63 57 4947
95 9 4947
40 73 4947
12 11 4947
72 25 4947
56 17 4947
74 71 4947
46 9 4947
51 87 4947
35 79 4947
68 27 4947
7 17 4947
70 73 4947
9 63 4947
42 11 4947
47 89 4947
41 15 4947
21 73 4947
81 87 4947
53 25 4947
37 17 4947
97 31 4947
14 33 4947
32 87 4947
71 15 4947
16 79 4947
48 31 4947
83 25 4947
28 89 4947
27 93 4947
60 41 4947
44 33 4947
62 87 4947
34 25 4947
23 95 4947
78 31 4947
55 47 4947
96 85 4947
13 87 4947
57 93 4947
90 41 4947
29 31 4947
6 47 4947
92 87 4947
8 93 4947
25 33 4947
85 47 4947
2 49 4947
1 53 4947
87 93 4947
59 31 4947
4 95 4947
36 47 4947
38 93 4947
31 53 4947
64 1 4947
66 47 4947
43 63 4947
17 47 4947
77 61 4947
61 53 4947
94 1 4947
93 5 4947
10 7 4947
73 63 4947
12 53 4947
89 7 4947
24 63 4947
68 69 4947
40 7 4947
58 61 4947
42 53 4947
80 79 4947
19 69 4947
74 5 4947
51 21 4947
54 63 4947
53 67 4947
86 15 4947
70 7 4947
47 23 4947
88 61 4947
65 77 4947
49 69 4947
21 7 4947
81 21 4947
26 85 4947
83 67 4947
0 69 4947
60 83 4947
32 21 4947
16 13 4947
95 77 4947
34 67 4947
72 93 4947
56 85 4947
28 23 4947
5 39 4947
46 77 4947
90 83 4947
62 21 4947
7 85 4947
39 37 4947
23 29 4947
96 19 4947
41 83 4947
13 21 4947
25 75 4947
2 91 4947
92 21 4947
37 85 4947
69 37 4947
8 27 4947
30 45 4947
71 83 4947
87 27 4947
20 37 4947
4 29 4947
64 43 4947
38 27 4947
76 53 4947
15 43 4947
17 89 4947
50 37 4947
94 43 4947
27 53 4947
11 45 4947
84 35 4947
45 43 4947
22 59 4947
79 41 4947
18 61 4947
91 51 4947
75 43 4947
52 59 4947
68 3 4947
1 13 4947
86 57 4947
3 59 4947
80 13 4947
19 3 4947
98 67 4947
82 59 4947
31 13 4947
33 59 4947
93 73 4947
65 11 4947
10 75 4947
49 3 4947
26 19 4947
67 57 4947
89 75 4947
28 65 4947
61 13 4947
60 17 4947
5 81 4947
63 59 4947
95 11 4947
40 75 4947
34 1 4947
72 27 4947
56 19 4947
74 73 4947
46 11 4947
51 89 4947
90 17 4947
35 81 4947
7 19 4947
70 75 4947
9 65 4947
47 91 4947
41 17 4947
2 25 4947
21 75 4947
81 89 4947
20 79 4947
53 27 4947
37 19 4947
97 33 4947
14 35 4947
32 89 4947
71 17 4947
16 81 4947
76 95 4947
48 33 4947
50 79 4947
83 27 4947
27 95 4947
44 35 4947
62 89 4947
78 33 4947
55 49 4947
96 87 4947
13 89 4947
57 95 4947
29 33 4947
6 49 4947
92 89 4947
8 95 4947
25 35 4947
85 49 4947
24 39 4947
1 55 4947
87 95 4947
59 33 4947
36 49 4947
80 55 4947
38 95 4947
54 39 4947
31 55 4947
66 49 4947
98 1 4947
43 65 4947
17 49 4947
77 63 4947
61 55 4947
93 7 4947
10 9 4947
73 65 4947
12 55 4947
72 69 4947
89 9 4947
5 15 4947
46 53 4947
79 1 4947
68 71 4947
40 9 4947
58 63 4947
42 55 4947
74 7 4947
19 71 4947
51 23 4947
35 15 4947
53 69 4947
70 9 4947
47 25 4947
88 63 4947
65 79 4947
49 71 4947
21 9 4947
81 23 4947
26 87 4947
83 69 4947
60 85 4947
32 23 4947
44 77 4947
16 15 4947
95 79 4947
34 69 4947
56 87 4947
50 13 4947
27 29 4947
90 85 4947
62 23 4947
7 87 4947
39 39 4947
23 31 4947
96 21 4947
41 85 4947
13 23 4947
25 77 4947
57 29 4947
2 93 4947
92 23 4947
37 87 4947
36 91 4947
69 39 4947
8 29 4947
30 47 4947
71 85 4947
87 29 4947
4 31 4947
64 45 4947
66 91 4947
99 39 4947
38 29 4947
76 55 4947
15 45 4947
17 91 4947
94 45 4947
11 47 4947
84 37 4947
45 45 4947
22 61 4947
79 43 4947
18 63 4947
91 53 4947
75 45 4947
52 61 4947
68 5 4947
86 59 4947
3 61 4947
47 67 4947
80 15 4947
19 5 4947
82 61 4947
21 51 4947
53 3 4947
33 61 4947
93 75 4947
65 13 4947
10 77 4947
49 5 4947
26 21 4947
67 59 4947
89 77 4947
83 3 4947
28 67 4947
0 5 4947
60 19 4947
5 83 4947
63 61 4947
95 13 4947
40 77 4947
34 3 4947
39 81 4947
72 29 4947
56 21 4947
74 75 4947
13 65 4947
46 13 4947
51 91 4947
35 83 4947
90 19 4947
7 21 4947
70 77 4947
9 67 4947
69 81 4947
41 19 4947
25 11 4947
2 27 4947
81 91 4947
20 81 4947
37 21 4947
97 35 4947
14 37 4947
32 91 4947
71 19 4947
16 83 4947
48 35 4947
50 81 4947
11 89 4947
44 37 4947
43 41 4947
62 91 4947
78 35 4947
17 25 4947
55 51 4947
96 89 4947
29 35 4947
73 41 4947
6 51 4947
91 95 4947
85 51 4947
24 41 4947
1 57 4947
59 35 4947
36 51 4947
80 57 4947
54 41 4947
31 57 4947
66 51 4947
65 55 4947
98 3 4947
77 65 4947
61 57 4947
93 9 4947
10 11 4947
95 55 4947
12 57 4947
72 71 4947
89 11 4947
28 1 4947
5 17 4947
46 55 4947
68 73 4947
7 63 4947
40 11 4947
58 65 4947
42 57 4947
74 9 4947
19 73 4947
51 25 4947
35 17 4947
53 71 4947
37 63 4947
70 11 4947
9 1 4947
14 79 4947
47 27 4947
88 65 4947
49 73 4947
81 25 4947
26 89 4947
20 15 4947
83 71 4947
0 73 4947
60 87 4947
32 25 4947
44 79 4947
16 17 4947
76 31 4947
34 71 4947
56 89 4947
50 15 4947
27 31 4947
90 87 4947
29 77 4947
62 25 4947
6 93 4947
39 41 4947
23 33 4947
96 23 4947
41 87 4947
25 79 4947
85 93 4947
57 31 4947
2 95 4947
18 39 4947
59 77 4947
92 25 4947
36 93 4947
69 41 4947
8 31 4947
30 49 4947
71 87 4947
87 31 4947
4 33 4947
64 47 4947
66 93 4947
38 31 4947
98 45 4947
15 47 4947
17 93 4947
94 47 4947
11 49 4947
10 53 4947
43 1 4947
84 39 4947
45 47 4947
22 63 4947
79 45 4947
40 53 4947
73 1 4947
72 5 4947
75 47 4947
52 63 4947
68 7 4947
86 61 4947
70 53 4947
3 63 4947
47 69 4947
19 7 4947
82 63 4947
21 53 4947
53 5 4947
14 13 4947
33 63 4947
93 77 4947
32 67 4947
65 15 4947
49 7 4947
26 23 4947
67 61 4947
89 79 4947
28 69 4947
83 5 4947
60 21 4947
5 85 4947
44 13 4947
63 63 4947
62 67 4947
95 15 4947
34 5 4947
39 83 4947
56 23 4947
74 77 4947
13 67 4947
51 93 4947
90 21 4947
35 85 4947
7 23 4947
6 27 4947
92 67 4947
9 69 4947
69 83 4947
41 21 4947
25 13 4947
30 91 4947
2 29 4947
81 93 4947
20 83 4947
4 75 4947
37 23 4947
97 37 4947
36 27 4947
99 83 4947
71 21 4947
16 85 4947
48 37 4947
50 83 4947
66 27 4947
11 91 4947
43 43 4947
84 81 4947
78 37 4947
17 27 4947
55 53 4947
96 91 4947
29 37 4947
73 43 4947
85 53 4947
24 43 4947
1 59 4947
59 37 4947
58 41 4947
80 59 4947
54 43 4947
31 59 4947
47 3 4947
88 41 4947
65 57 4947
77 67 4947
61 59 4947
0 49 4947
93 11 4947
10 13 4947
95 57 4947
12 59 4947
72 73 4947
89 13 4947
28 3 4947
5 19 4947
46 57 4947
68 75 4947
7 65 4947
40 13 4947
39 17 4947
42 59 4947
74 11 4947
19 75 4947
13 1 4947
51 27 4947
35 19 4947
53 73 4947
37 65 4947
9 3 4947
69 17 4947
14 81 4947
49 75 4947
81 27 4947
26 91 4947
20 17 4947
83 73 4947
60 89 4947
32 27 4947
44 81 4947
16 19 4947
76 33 4947
34 73 4947
78 79 4947
50 17 4947
55 95 4947
27 33 4947
11 25 4947
90 89 4947
29 79 4947
6 95 4947
23 35 4947
96 25 4947
41 89 4947
25 81 4947
85 95 4947
57 33 4947
18 41 4947
59 79 4947
91 31 4947
36 95 4947
8 33 4947
30 51 4947
71 89 4947
87 33 4947
4 35 4947
64 49 4947
3 39 4947
66 95 4947
38 33 4947
98 47 4947
15 49 4947
17 95 4947
94 49 4947
33 39 4947
10 55 4947
45 49 4947
77 1 4947
22 65 4947
89 55 4947
79 47 4947
63 39 4947
40 55 4947
72 7 4947
75 49 4947
52 65 4947
51 69 4947
68 9 4947
86 63 4947
58 1 4947
70 55 4947
47 71 4947
19 9 4947
82 65 4947
21 55 4947
81 69 4947
53 7 4947
14 15 4947
88 1 4947
93 79 4947
32 69 4947
49 9 4947
26 25 4947
67 63 4947
83 7 4947
28 71 4947
0 9 4947
60 23 4947
5 87 4947
44 15 4947
62 69 4947
34 7 4947
39 85 4947
23 77 4947
56 25 4947
55 29 4947
74 79 4947
13 69 4947
90 23 4947
35 87 4947
29 13 4947
6 29 4947
92 69 4947
9 71 4947
69 85 4947
41 23 4947
25 15 4947
85 29 4947
30 93 4947
2 31 4947
20 85 4947
59 13 4947
4 77 4947
97 39 4947
36 29 4947
71 23 4947
16 87 4947
15 91 4947
48 39 4947
50 85 4947
66 29 4947
11 93 4947
43 45 4947
84 83 4947
45 91 4947
78 39 4947
17 29 4947
77 43 4947
96 93 4947
73 45 4947
75 91 4947
24 45 4947
1 61 4947
58 43 4947
80 61 4947
54 45 4947
31 61 4947
47 5 4947
88 43 4947
65 59 4947
49 51 4947
26 67 4947
61 61 4947
93 13 4947
32 3 4947
95 59 4947
12 61 4947
72 75 4947
56 67 4947
89 15 4947
28 5 4947
5 21 4947
46 59 4947
68 77 4947
62 3 4947
7 67 4947
39 19 4947
42 61 4947
74 13 4947
13 3 4947
51 29 4947
35 21 4947
53 75 4947
92 3 4947
37 67 4947
9 5 4947
69 19 4947
14 83 4947
30 27 4947
71 65 4947
48 81 4947
81 29 4947
20 19 4947
4 11 4947
83 75 4947
60 91 4947
44 83 4947
99 19 4947
16 21 4947
76 35 4947
34 75 4947
78 81 4947
50 19 4947
27 35 4947
11 27 4947
90 91 4947
84 17 4947
29 81 4947
23 37 4947
22 41 4947
96 27 4947
25 83 4947
57 35 4947
18 43 4947
59 81 4947
91 33 4947
8 35 4947
52 41 4947
87 35 4947
64 51 4947
3 41 4947
38 35 4947
98 49 4947
82 41 4947
15 51 4947
94 51 4947
33 41 4947
10 57 4947
45 51 4947
77 3 4947
89 57 4947
79 49 4947
63 41 4947
40 57 4947
72 9 4947
56 1 4947
75 51 4947
74 55 4947
51 71 4947
68 11 4947
7 1 4947
86 65 4947
70 57 4947
47 73 4947
19 11 4947
21 57 4947
81 71 4947
53 9 4947
37 1 4947
14 17 4947
93 81 4947
32 71 4947
16 63 4947
49 11 4947
48 15 4947
67 65 4947
83 9 4947
28 73 4947
60 25 4947
5 89 4947
44 17 4947
62 71 4947
34 9 4947
39 87 4947
78 15 4947
23 79 4947
55 31 4947
96 69 4947
13 71 4947
90 25 4947
35 89 4947
29 15 4947
6 31 4947
92 71 4947
9 73 4947
69 87 4947
8 77 4947
41 25 4947
25 17 4947
30 95 4947
85 31 4947
2 33 4947
20 87 4947
59 15 4947
4 79 4947
64 93 4947
97 41 4947
36 31 4947
99 87 4947
38 77 4947
71 25 4947
15 93 4947
50 87 4947
94 93 4947
66 31 4947
11 95 4947
43 47 4947
84 85 4947
45 93 4947
17 31 4947
77 45 4947
73 47 4947
22 1 4947
75 93 4947
24 47 4947
1 63 4947
58 45 4947
42 37 4947
80 63 4947
19 53 4947
52 1 4947
51 5 4947
54 47 4947
31 63 4947
47 7 4947
88 45 4947
65 61 4947
49 53 4947
82 1 4947
81 5 4947
26 69 4947
61 63 4947
0 53 4947
93 15 4947
32 5 4947
95 61 4947
72 77 4947
56 69 4947
28 7 4947
5 23 4947
46 61 4947
68 79 4947
62 5 4947
7 69 4947
39 21 4947
23 13 4947
41 67 4947
74 15 4947
13 5 4947
35 23 4947
53 77 4947
92 5 4947
37 69 4947
97 83 4947
9 7 4947
69 21 4947
14 85 4947
30 29 4947
71 67 4947
48 83 4947
20 21 4947
4 13 4947
83 77 4947
60 93 4947
44 85 4947
16 23 4947
76 37 4947
15 27 4947
78 83 4947
50 21 4947
27 37 4947
11 29 4947
84 19 4947
29 83 4947
45 27 4947
22 43 4947
96 29 4947
25 85 4947
57 37 4947
18 45 4947
59 83 4947
91 35 4947
75 27 4947
8 37 4947
52 43 4947
87 37 4947
64 53 4947
3 43 4947
38 37 4947
98 51 4947
82 43 4947
94 53 4947
33 43 4947
93 57 4947
10 59 4947
26 3 4947
67 41 4947
89 59 4947
5 65 4947
79 51 4947
63 43 4947
40 59 4947
72 11 4947
56 3 4947
74 57 4947
51 73 4947
35 65 4947
68 13 4947
7 3 4947
86 67 4947
70 59 4947
9 49 4947
47 75 4947
41 1 4947
21 59 4947
81 73 4947
53 11 4947
37 3 4947
14 19 4947
32 73 4947
71 1 4947
16 65 4947
48 17 4947
83 11 4947
28 75 4947
27 79 4947
60 27 4947
44 19 4947
62 73 4947
34 11 4947
39 89 4947
23 81 4947
78 17 4947
55 33 4947
96 71 4947
13 73 4947
57 79 4947
90 27 4947
29 17 4947
6 33 4947
92 73 4947
69 89 4947
8 79 4947
25 19 4947
85 33 4947
2 35 4947
87 79 4947
20 89 4947
59 17 4947
4 81 4947
64 95 4947
36 33 4947
38 79 4947
15 95 4947
50 89 4947
94 95 4947
66 33 4947
43 49 4947
84 87 4947
45 95 4947
17 33 4947
77 47 4947
79 93 4947
73 49 4947
12 39 4947
75 95 4947
24 49 4947
68 55 4947
1 65 4947
58 47 4947
42 39 4947
80 65 4947
19 55 4947
51 7 4947
54 49 4947
86 1 4947
31 65 4947
47 9 4947
88 47 4947
65 63 4947
49 55 4947
26 71 4947
81 7 4947
60 69 4947
93 17 4947
32 7 4947
95 63 4947
34 53 4947
67 1 4947
72 79 4947
56 71 4947
28 9 4947
5 25 4947
46 63 4947
90 69 4947
62 7 4947
7 71 4947
39 23 4947
23 15 4947
41 69 4947
96 5 4947
13 7 4947
2 77 4947
35 25 4947
53 79 4947
92 7 4947
37 71 4947
97 85 4947
9 9 4947
69 23 4947
14 87 4947
8 13 4947
30 31 4947
71 69 4947
48 85 4947
20 23 4947
4 15 4947
64 29 4947
99 23 4947
44 87 4947
38 13 4947
76 39 4947
15 29 4947
78 85 4947
50 23 4947
94 29 4947
27 39 4947
11 31 4947
84 21 4947
29 85 4947
45 29 4947
22 45 4947
25 87 4947
24 91 4947
57 39 4947
18 47 4947
59 85 4947
91 37 4947
75 29 4947
52 45 4947
54 91 4947
87 39 4947
86 43 4947
3 45 4947
98 53 4947
82 45 4947
33 45 4947
93 59 4947
10 61 4947
26 5 4947
67 43 4947
89 61 4947
28 51 4947
5 67 4947
79 53 4947
63 45 4947
40 61 4947
72 13 4947
56 5 4947
74 59 4947
51 75 4947
90 3 4947
35 67 4947
7 5 4947
70 61 4947
9 51 4947
47 77 4947
41 3 4947
21 61 4947
81 75 4947
20 65 4947
53 13 4947
37 5 4947
97 19 4947
14 21 4947
32 75 4947
71 3 4947
16 67 4947
76 81 4947
48 19 4947
50 65 4947
83 13 4947
27 81 4947
44 21 4947
62 75 4947
39 91 4947
78 19 4947
23 83 4947
55 35 4947
96 73 4947
13 75 4947
57 81 4947
29 19 4947
6 35 4947
92 75 4947
69 91 4947
8 81 4947
25 21 4947
85 35 4947
2 37 4947
1 41 4947
87 81 4947
59 19 4947
4 83 4947
36 35 4947
99 91 4947
38 81 4947
98 95 4947
31 41 4947
66 35 4947
43 51 4947
84 89 4947
17 35 4947
77 49 4947
61 41 4947
79 95 4947
73 51 4947
12 41 4947
5 1 4947
24 51 4947
68 57 4947
58 49 4947
42 41 4947
80 67 4947
19 57 4947
51 9 4947
35 1 4947
53 55 4947
86 3 4947
47 11 4947
88 49 4947
65 65 4947
49 57 4947
81 9 4947
26 73 4947
83 55 4947
0 57 4947
60 71 4947
32 9 4947
16 1 4947
95 65 4947
34 55 4947
72 81 4947
56 73 4947
28 11 4947
27 15 4947
46 65 4947
90 71 4947
62 9 4947
7 73 4947
39 25 4947
23 17 4947
96 7 4947
41 71 4947
13 9 4947
25 63 4947
57 15 4947
2 79 4947
92 9 4947
37 73 4947
97 87 4947
69 25 4947
14 89 4947
8 15 4947
30 33 4947
71 71 4947
48 87 4947
87 15 4947
20 25 4947
4 17 4947
64 31 4947
44 89 4947
38 15 4947
43 93 4947
76 41 4947
15 31 4947
78 87 4947
17 77 4947
50 25 4947
94 31 4947
11 33 4947
84 23 4947
29 87 4947
73 93 4947
45 31 4947
22 47 4947
79 29 4947
24 93 4947
18 49 4947
59 87 4947
91 39 4947
75 31 4947
52 47 4947
1 1 4947
54 93 4947
86 45 4947
3 47 4947
47 53 4947
80 1 4947
98 55 4947
82 47 4947
21 37 4947
33 47 4947
93 61 4947
10 63 4947
26 7 4947
67 45 4947
89 63 4947
28 53 4947
60 5 4947
5 69 4947
63 47 4947
40 63 4947
72 15 4947
56 7 4947
74 61 4947
13 51 4947
51 77 4947
35 69 4947
90 5 4947
7 7 4947
70 63 4947
9 53 4947
69 67 4947
41 5 4947
2 13 4947
81 77 4947
20 67 4947
37 7 4947
97 21 4947
14 23 4947
99 67 4947
32 77 4947
71 5 4947
16 69 4947
76 83 4947
48 21 4947
50 67 4947
27 83 4947
44 23 4947
62 77 4947
78 21 4947
23 85 4947
55 37 4947
96 75 4947
57 83 4947
29 21 4947
6 37 4947
18 91 4947
92 77 4947
91 81 4947
8 83 4947
85 37 4947
24 27 4947
1 43 4947
87 83 4947
59 21 4947
4 85 4947
36 37 4947
80 43 4947
38 83 4947
54 27 4947
31 43 4947
66 37 4947
43 53 4947
84 91 4947
17 37 4947
77 51 4947
61 43 4947
63 89 4947
73 53 4947
12 43 4947
72 57 4947
5 3 4947
46 41 4947
68 59 4947
58 51 4947
42 43 4947
19 59 4947
51 11 4947
35 3 4947
53 57 4947
14 65 4947
47 13 4947
88 51 4947
65 67 4947
49 59 4947
81 11 4947
26 75 4947
20 1 4947
83 57 4947
60 73 4947
32 11 4947
44 65 4947
16 3 4947
76 17 4947
95 67 4947
34 57 4947
56 75 4947
50 1 4947
27 17 4947
90 73 4947
62 11 4947
7 75 4947
6 79 4947
39 27 4947
23 19 4947
96 9 4947
41 73 4947
13 11 4947
25 65 4947
57 17 4947
2 81 4947
18 25 4947
37 75 4947
92 11 4947
97 89 4947
36 79 4947
69 27 4947
8 17 4947
30 35 4947
71 73 4947
48 89 4947
87 17 4947
4 19 4947
64 33 4947
66 79 4947
99 27 4947
38 17 4947
43 95 4947
98 31 4947
15 33 4947
78 89 4947
17 79 4947
94 33 4947
11 35 4947
84 25 4947
29 89 4947
73 95 4947
45 33 4947
22 49 4947
79 31 4947
24 95 4947
40 39 4947
59 89 4947
58 93 4947
91 41 4947
75 33 4947
52 49 4947
54 95 4947
86 47 4947
70 39 4947
3 49 4947
47 55 4947
80 3 4947
88 93 4947
82 49 4947
21 39 4947
33 49 4947
93 63 4947
32 53 4947
65 1 4947
26 9 4947
67 47 4947
89 65 4947
28 55 4947
60 7 4947
5 71 4947
63 49 4947
62 53 4947
95 1 4947
39 69 4947
72 17 4947
56 9 4947
74 63 4947
13 53 4947
51 79 4947
90 7 4947
35 71 4947
7 9 4947
92 53 4947
9 55 4947
69 69 4947
41 7 4947
2 15 4947
81 79 4947
20 69 4947
37 9 4947
97 23 4947
14 25 4947
71 7 4947
16 71 4947
76 85 4947
48 23 4947
50 69 4947
27 85 4947
11 77 4947
44 25 4947
43 29 4947
84 67 4947
78 23 4947
23 87 4947
17 13 4947
55 39 4947
96 77 4947
57 85 4947
29 23 4947
73 29 4947
6 39 4947
18 93 4947
91 83 4947
8 85 4947
85 39 4947
24 29 4947
1 45 4947
87 85 4947
59 23 4947
3 91 4947
36 39 4947
80 45 4947
38 85 4947
54 29 4947
31 45 4947
33 91 4947
66 39 4947
65 43 4947
77 53 4947
61 45 4947
63 91 4947
95 43 4947
12 45 4947
72 59 4947
5 5 4947
46 43 4947
68 61 4947
7 51 4947
39 3 4947
58 53 4947
42 45 4947
19 61 4947
51 13 4947
35 5 4947
53 59 4947
37 51 4947
69 3 4947
14 67 4947
88 53 4947
49 61 4947
81 13 4947
26 77 4947
20 3 4947
83 59 4947
0 61 4947
60 75 4947
99 3 4947
32 13 4947
44 67 4947
16 5 4947
76 19 4947
34 59 4947
56 77 4947
50 3 4947
55 81 4947
27 19 4947
11 11 4947
90 75 4947
29 65 4947
62 13 4947
6 81 4947
23 21 4947
96 11 4947
41 75 4947
25 67 4947
85 81 4947
57 19 4947
2 83 4947
18 27 4947
59 65 4947
92 13 4947
97 91 4947
91 17 4947
36 81 4947
8 19 4947
30 37 4947
71 75 4947
48 91 4947
87 19 4947
4 21 4947
64 35 4947
66 81 4947
38 19 4947
98 33 4947
15 35 4947
78 91 4947
17 81 4947
77 95 4947
94 35 4947
33 25 4947
10 41 4947
84 27 4947
45 35 4947
89 41 4947
22 51 4947
79 33 4947
63 25 4947
40 41 4947
58 95 4947
75 35 4947
52 51 4947
86 49 4947
70 41 4947
47 57 4947
88 95 4947
82 51 4947
21 41 4947
14 1 4947
93 65 4947
32 55 4947
65 3 4947
26 11 4947
67 49 4947
28 57 4947
60 9 4947
5 73 4947
44 1 4947
62 55 4947
39 71 4947
56 11 4947
74 65 4947
13 55 4947
51 81 4947
90 9 4947
35 73 4947
7 11 4947
6 15 4947
92 55 4947
9 57 4947
69 71 4947
41 9 4947
25 1 4947
30 79 4947
2 17 4947
20 71 4947
4 63 4947
37 11 4947
97 25 4947
36 15 4947
99 71 4947
71 9 4947
16 73 4947
76 87 4947
48 25 4947
50 71 4947
27 87 4947
66 15 4947
11 79 4947
43 31 4947
84 69 4947
78 25 4947
23 89 4947
17 15 4947
22 93 4947
55 41 4947
96 79 4947
57 87 4947
29 25 4947
73 31 4947
18 95 4947
91 85 4947
8 87 4947
52 93 4947
85 41 4947
24 31 4947
1 47 4947
87 87 4947
59 25 4947
58 29 4947
3 93 4947
80 47 4947
38 87 4947
82 93 4947
54 31 4947
31 47 4947
88 29 4947
33 93 4947
65 45 4947
26 53 4947
77 55 4947
61 47 4947
0 37 4947
63 93 4947
95 45 4947
12 47 4947
72 61 4947
56 53 4947
89 1 4947
5 7 4947
46 45 4947
68 63 4947
7 53 4947
39 5 4947
42 47 4947
19 63 4947
51 15 4947
35 7 4947
53 61 4947
37 53 4947
69 5 4947
14 69 4947
49 63 4947
48 67 4947
81 15 4947
20 5 4947
83 61 4947
60 77 4947
44 69 4947
16 7 4947
76 21 4947
34 61 4947
78 67 4947
50 5 4947
55 83 4947
27 21 4947
11 13 4947
90 77 4947
84 3 4947
29 67 4947
6 83 4947
23 23 4947
96 13 4947
41 77 4947
25 69 4947
85 83 4947
57 21 4947
2 85 4947
18 29 4947
59 67 4947
97 93 4947
36 83 4947
91 19 4947
8 21 4947
71 77 4947
87 21 4947
64 37 4947
3 27 4947
66 83 4947
38 21 4947
98 35 4947
82 27 4947
15 37 4947
17 83 4947
94 37 4947
33 27 4947
10 43 4947
12 89 4947
45 37 4947
89 43 4947
22 53 4947
79 35 4947
63 27 4947
40 43 4947
42 89 4947
75 37 4947
74 41 4947
51 57 4947
86 51 4947
70 43 4947
47 59 4947
21 43 4947
81 57 4947
14 3 4947
93 67 4947
32 57 4947
26 13 4947
67 51 4947
28 59 4947
60 11 4947
5 75 4947
44 3 4947
62 57 4947
39 73 4947
23 65 4947
56 13 4947
55 17 4947
96 55 4947
13 57 4947
90 11 4947
35 75 4947
29 1 4947
6 17 4947
92 57 4947
9 59 4947
69 73 4947
41 11 4947
25 3 4947
85 17 4947
30 81 4947
2 19 4947
20 73 4947
59 1 4947
4 65 4947
97 27 4947
36 17 4947
71 11 4947
16 75 4947
76 89 4947
15 79 4947
48 27 4947
50 73 4947
27 89 4947
66 17 4947
11 81 4947
43 33 4947
84 71 4947
45 79 4947
78 27 4947
17 17 4947
77 31 4947
22 95 4947
57 89 4947
73 33 4947
91 87 4947
75 79 4947
8 89 4947
52 95 4947
24 33 4947
1 49 4947
87 89 4947
58 31 4947
3 95 4947
80 49 4947
19 39 4947
82 95 4947
54 33 4947
31 49 4947
88 31 4947
33 95 4947
65 47 4947
49 39 4947
26 55 4947
67 93 4947
61 49 4947
93 1 4947
63 95 4947
95 47 4947
12 49 4947
72 63 4947
56 55 4947
5 9 4947
46 47 4947
68 65 4947
7 55 4947
39 7 4947
42 49 4947
41 53 4947
74 1 4947
35 9 4947
53 63 4947
37 55 4947
97 69 4947
69 7 4947
14 71 4947
30 15 4947
71 53 4947
48 69 4947
20 7 4947
83 63 4947
60 79 4947
44 71 4947
99 7 4947
16 9 4947
76 23 4947
34 63 4947
78 69 4947
50 7 4947
55 85 4947
27 23 4947
11 15 4947
90 79 4947
84 5 4947
29 69 4947
6 85 4947
22 29 4947
96 15 4947
25 71 4947
85 85 4947
57 23 4947
2 87 4947
18 31 4947
59 69 4947
91 21 4947
36 85 4947
75 13 4947
8 23 4947
52 29 4947
87 23 4947
31 91 4947
64 39 4947
3 29 4947
66 85 4947
38 23 4947
98 37 4947
82 29 4947
15 39 4947
17 85 4947
61 91 4947
94 39 4947
33 29 4947
10 45 4947
67 27 4947
12 91 4947
89 45 4947
79 37 4947
63 29 4947
40 45 4947
42 91 4947
74 43 4947
51 59 4947
86 53 4947
70 45 4947
47 61 4947
21 45 4947
81 59 4947
14 5 4947
93 69 4947
32 59 4947
16 51 4947
48 3 4947
28 61 4947
60 13 4947
5 77 4947
44 5 4947
62 59 4947
39 75 4947
78 3 4947
23 67 4947
55 19 4947
96 57 4947
13 59 4947
90 13 4947
35 77 4947
29 3 4947
6 19 4947
92 59 4947
9 61 4947
69 75 4947
8 65 4947
41 13 4947
25 5 4947
30 83 4947
85 19 4947
2 21 4947
20 75 4947
59 3 4947
4 67 4947
64 81 4947
97 29 4947
36 19 4947
99 75 4947
38 65 4947
71 13 4947
76 91 4947
15 81 4947
50 75 4947
94 81 4947
27 91 4947
66 19 4947
11 83 4947
43 35 4947
84 73 4947
45 81 4947
17 19 4947
77 33 4947
57 91 4947
73 35 4947
12 25 4947
91 89 4947
75 81 4947
24 35 4947
68 41 4947
1 51 4947
87 91 4947
86 95 4947
58 33 4947
42 25 4947
80 51 4947
19 41 4947
54 35 4947
31 51 4947
88 33 4947
65 49 4947
49 41 4947
26 57 4947
67 95 4947
61 51 4947
0 41 4947
60 55 4947
93 3 4947
95 49 4947
34 39 4947
72 65 4947
56 57 4947
5 11 4947
46 49 4947
90 55 4947
7 57 4947
39 9 4947
23 1 4947
41 55 4947
2 63 4947
35 11 4947
53 65 4947
37 57 4947
97 71 4947
69 9 4947
14 73 4947
30 17 4947
71 55 4947
48 71 4947
20 9 4947
4 1 4947
83 65 4947
44 73 4947
76 25 4947
15 15 4947
78 71 4947
50 9 4947
55 87 4947
27 25 4947
11 17 4947
84 7 4947
29 71 4947
6 87 4947
45 15 4947
22 31 4947
25 73 4947
85 87 4947
24 77 4947
57 25 4947
1 93 4947
18 33 4947
59 71 4947
91 23 4947
36 87 4947
75 15 4947
52 31 4947
54 77 4947
87 25 4947
31 93 4947
64 41 4947
3 31 4947
66 87 4947
98 39 4947
82 31 4947
17 87 4947
61 93 4947
33 31 4947
93 45 4947
10 47 4947
67 29 4947
12 93 4947
89 47 4947
5 53 4947
46 91 4947
79 39 4947
63 31 4947
40 47 4947
42 93 4947
74 45 4947
51 61 4947
35 53 4947
68 1 4947
70 47 4947
9 37 4947
47 63 4947
21 47 4947
81 61 4947
97 5 4947
14 7 4947
32 61 4947
16 53 4947
48 5 4947
28 63 4947
27 67 4947
60 15 4947
44 7 4947
62 61 4947
39 77 4947
23 69 4947
78 5 4947
55 21 4947
96 59 4947
13 61 4947
57 67 4947
90 15 4947
29 5 4947
6 21 4947
92 61 4947
69 77 4947
8 67 4947
25 7 4947
85 21 4947
30 85 4947
2 23 4947
1 27 4947
20 77 4947
87 67 4947
59 5 4947
4 69 4947
64 83 4947
36 21 4947
38 67 4947
76 93 4947
15 83 4947
31 27 4947
50 77 4947
94 83 4947
66 21 4947
11 85 4947
43 37 4947
84 75 4947
45 83 4947
17 21 4947
77 35 4947
61 27 4947
79 81 4947
73 37 4947
12 27 4947
91 91 4947
75 83 4947
24 37 4947
68 43 4947
58 35 4947
42 27 4947
80 53 4947
19 43 4947
21 89 4947
54 37 4947
53 41 4947
88 35 4947
65 51 4947
49 43 4947
26 59 4947
83 41 4947
60 57 4947
95 51 4947
34 41 4947
72 67 4947
56 59 4947
5 13 4947
46 51 4947
90 57 4947
7 59 4947
39 11 4947
23 3 4947
41 57 4947
25 49 4947
2 65 4947
35 13 4947
37 59 4947
97 73 4947
69 11 4947
14 75 4947
8 1 4947
30 19 4947
71 57 4947
48 73 4947
20 11 4947
4 3 4947
64 17 4947
99 11 4947
44 75 4947
38 1 4947
76 27 4947
15 17 4947
78 73 4947
17 63 4947
50 11 4947
55 89 4947
94 17 4947
27 27 4947
11 19 4947
84 9 4947
29 73 4947
73 79 4947
6 89 4947
45 17 4947
22 33 4947
85 89 4947
24 79 4947
57 27 4947
1 95 4947
18 35 4947
59 73 4947
91 25 4947
36 89 4947
75 17 4947
80 95 4947
52 33 4947
54 79 4947
86 31 4947
31 95 4947
3 33 4947
66 89 4947
98 41 4947
82 33 4947
61 95 4947
33 33 4947
93 47 4947
10 49 4947
95 93 4947
67 31 4947
12 95 4947
89 49 4947
28 39 4947
5 55 4947
46 93 4947
63 33 4947
40 49 4947
72 1 4947
42 95 4947
74 47 4947
51 63 4947
35 55 4947
70 49 4947
9 39 4947
47 65 4947
21 49 4947
81 63 4947
20 53 4947
53 1 4947
97 7 4947
14 9 4947
32 63 4947
16 55 4947
76 69 4947
48 7 4947
50 53 4947
83 1 4947
27 69 4947
44 9 4947
62 63 4947
39 79 4947
78 7 4947
23 71 4947
55 23 4947
96 61 4947
13 63 4947
57 69 4947
29 7 4947
6 23 4947
18 77 4947
92 63 4947
69 79 4947
8 69 4947
25 9 4947
85 23 4947
30 87 4947
24 13 4947
1 29 4947
87 69 4947
59 7 4947
4 71 4947
64 85 4947
36 23 4947
80 29 4947
99 79 4947
38 69 4947
98 83 4947
15 85 4947
54 13 4947
31 29 4947
94 85 4947
66 23 4947
11 87 4947
10 91 4947
43 39 4947
84 77 4947
45 85 4947
17 23 4947
77 37 4947
61 29 4947
79 83 4947
40 91 4947
73 39 4947
12 29 4947
72 43 4947
91 93 4947
75 85 4947
46 27 4947
68 45 4947
58 37 4947
70 91 4947
42 29 4947
19 45 4947
21 91 4947
53 43 4947
88 37 4947
65 53 4947
49 45 4947
26 61 4947
83 43 4947
0 45 4947
60 59 4947
95 53 4947
34 43 4947
56 61 4947
27 3 4947
90 59 4947
7 61 4947
39 13 4947
23 5 4947
41 59 4947
25 51 4947
57 3 4947
2 67 4947
37 61 4947
97 75 4947
69 13 4947
14 77 4947
8 3 4947
30 21 4947
71 59 4947
48 75 4947
87 3 4947
20 13 4947
4 5 4947
64 19 4947
66 65 4947
38 3 4947
43 81 4947
76 29 4947
15 19 4947
78 75 4947
17 65 4947
55 91 4947
94 19 4947
11 21 4947
84 11 4947
29 75 4947
73 81 4947
6 91 4947
45 19 4947
22 35 4947
85 91 4947
79 17 4947
24 81 4947
18 37 4947
59 75 4947
91 27 4947
75 19 4947
52 35 4947
54 81 4947
86 33 4947
3 35 4947
47 41 4947
88 79 4947
65 95 4947
98 43 4947
82 35 4947
21 25 4947
33 35 4947
93 49 4947
10 51 4947
95 95 4947
67 33 4947
89 51 4947
28 41 4947
5 57 4947
46 95 4947
63 35 4947
40 51 4947
39 55 4947
72 3 4947
74 49 4947
13 39 4947
51 65 4947
35 57 4947
70 51 4947
9 41 4947
69 55 4947
2 1 4947
81 65 4947
20 55 4947
97 9 4947
14 11 4947
99 55 4947
32 65 4947
16 57 4947
76 71 4947
48 9 4947
50 55 4947
27 71 4947
11 63 4947
44 11 4947
43 15 4947
62 65 4947
78 9 4947
23 73 4947
55 25 4947
96 63 4947
57 71 4947
29 9 4947
73 15 4947
6 25 4947
18 79 4947
92 65 4947
91 69 4947
8 71 4947
85 25 4947
30 89 4947
24 15 4947
1 31 4947
87 71 4947
59 9 4947
4 73 4947
64 87 4947
3 77 4947
36 25 4947
80 31 4947
38 71 4947
98 85 4947
15 87 4947
54 15 4947
31 31 4947
94 87 4947
33 77 4947
66 25 4947
65 29 4947
10 93 4947
84 79 4947
45 87 4947
77 39 4947
89 93 4947
61 31 4947
79 85 4947
63 77 4947
95 29 4947
40 93 4947
12 31 4947
72 45 4947
75 87 4947
46 29 4947
68 47 4947
58 39 4947
70 93 4947
42 31 4947
19 47 4947
21 93 4947
53 45 4947
37 37 4947
14 53 4947
47 1 4947
88 39 4947
49 47 4947
26 63 4947
83 45 4947
60 61 4947
44 53 4947
76 5 4947
34 45 4947
56 63 4947
27 5 4947
90 61 4947
6 67 4947
39 15 4947
23 7 4947
41 61 4947
25 53 4947
57 5 4947
2 69 4947
18 13 4947
59 51 4947
97 77 4947
36 67 4947
69 15 4947
8 5 4947
30 23 4947
71 61 4947
48 77 4947
87 5 4947
4 7 4947
64 21 4947
66 67 4947
99 15 4947
38 5 4947
43 83 4947
98 19 4947
15 21 4947
78 77 4947
17 67 4947
55 93 4947
94 21 4947
11 23 4947
10 27 4947
84 13 4947
73 83 4947
45 21 4947
22 37 4947
79 19 4947
24 83 4947
40 27 4947
58 81 4947
91 29 4947
75 21 4947
52 37 4947
54 83 4947
86 35 4947
70 27 4947
3 37 4947
47 43 4947
88 81 4947
82 37 4947
21 27 4947
0 89 4947
33 37 4947
93 51 4947
32 41 4947
67 35 4947
89 53 4947
28 43 4947
5 59 4947
63 37 4947
62 41 4947
39 57 4947
74 51 4947
13 41 4947
51 67 4947
35 59 4947
92 41 4947
9 43 4947
69 57 4947
30 65 4947
2 3 4947
81 67 4947
20 57 4947
4 49 4947
97 11 4947
36 1 4947
16 59 4947
76 73 4947
48 11 4947
50 57 4947
27 73 4947
66 1 4947
11 65 4947
43 17 4947
84 55 4947
78 11 4947
23 75 4947
17 1 4947
22 79 4947
55 27 4947
96 65 4947
57 73 4947
29 11 4947
73 17 4947
18 81 4947
91 71 4947
8 73 4947
52 79 4947
85 27 4947
24 17 4947
1 33 4947
87 73 4947
59 11 4947
64 89 4947
58 15 4947
3 79 4947
80 33 4947
38 73 4947
98 87 4947
82 79 4947
15 89 4947
54 17 4947
31 33 4947
94 89 4947
88 15 4947
33 79 4947
65 31 4947
10 95 4947
45 89 4947
77 41 4947
89 95 4947
61 33 4947
79 87 4947
63 79 4947
40 95 4947
95 31 4947
12 33 4947
72 47 4947
75 89 4947
74 93 4947
46 31 4947
68 49 4947
7 39 4947
70 95 4947
42 33 4947
19 49 4947
51 1 4947
21 95 4947
53 47 4947
37 39 4947
14 55 4947
49 49 4947
81 1 4947
26 65 4947
83 47 4947
60 63 4947
32 1 4947
44 55 4947
76 7 4947
34 47 4947
56 65 4947
55 69 4947
27 7 4947
90 63 4947
29 53 4947
62 1 4947
6 69 4947
23 9 4947
41 63 4947
25 55 4947
85 69 4947
57 7 4947
2 71 4947
18 15 4947
59 53 4947
92 1 4947
97 79 4947
91 5 4947
36 69 4947
8 7 4947
30 25 4947
71 63 4947
48 79 4947
87 7 4947
4 9 4947
64 23 4947
3 13 4947
66 69 4947
38 7 4947
43 85 4947
98 21 4947
15 23 4947
17 69 4947
77 83 4947
94 23 4947
33 13 4947
10 29 4947
84 15 4947
73 85 4947
45 23 4947
89 29 4947
22 39 4947
79 21 4947
24 85 4947
63 13 4947
40 29 4947
58 83 4947
75 23 4947
19 91 4947
52 39 4947
51 43 4947
54 85 4947
86 37 4947
70 29 4947
47 45 4947
88 83 4947
49 91 4947
82 39 4947
21 29 4947
81 43 4947
93 53 4947
32 43 4947
67 37 4947
28 45 4947
5 61 4947
62 43 4947
39 59 4947
23 51 4947
74 53 4947
13 43 4947
35 61 4947
6 3 4947
92 43 4947
9 45 4947
69 59 4947
85 3 4947
30 67 4947
2 5 4947
20 59 4947
4 51 4947
97 13 4947
36 3 4947
99 59 4947
16 61 4947
76 75 4947
15 65 4947
48 13 4947
50 59 4947
27 75 4947
66 3 4947
11 67 4947
43 19 4947
84 57 4947
45 65 4947
78 13 4947
17 3 4947
22 81 4947
96 67 4947
57 75 4947
73 19 4947
18 83 4947
91 73 4947
75 65 4947
8 75 4947
52 81 4947
24 19 4947
1 35 4947
87 75 4947
64 91 4947
58 17 4947
3 81 4947
80 35 4947
38 75 4947
98 89 4947
82 81 4947
54 19 4947
31 35 4947
94 91 4947
88 17 4947
33 81 4947
93 95 4947
65 33 4947
26 41 4947
67 79 4947
61 35 4947
0 25 4947
79 89 4947
63 81 4947
95 33 4947
12 35 4947
72 49 4947
56 41 4947
74 95 4947
46 33 4947
68 51 4947
7 41 4947
9 87 4947
42 35 4947
19 51 4947
51 3 4947
53 49 4947
37 41 4947
14 57 4947
30 1 4947
48 55 4947
81 3 4947
83 49 4947
60 65 4947
44 57 4947
76 9 4947
34 49 4947
78 55 4947
55 71 4947
27 9 4947
11 1 4947
90 65 4947
29 55 4947
6 71 4947
23 11 4947
22 15 4947
41 65 4947
96 1 4947
25 57 4947
85 71 4947
57 9 4947
2 73 4947
18 17 4947
59 55 4947
97 81 4947
36 71 4947
91 7 4947
8 9 4947
52 15 4947
87 9 4947
64 25 4947
3 15 4947
66 71 4947
38 9 4947
98 23 4947
43 87 4947
82 15 4947
15 25 4947
17 71 4947
77 85 4947
94 25 4947
33 15 4947
10 31 4947
73 87 4947
12 77 4947
45 25 4947
89 31 4947
79 23 4947
24 87 4947
63 15 4947
68 93 4947
40 31 4947
58 85 4947
42 77 4947
75 25 4947
74 29 4947
19 93 4947
51 45 4947
54 87 4947
86 39 4947
70 31 4947
47 47 4947
88 85 4947
49 93 4947
21 31 4947
81 45 4947
0 93 4947
93 55 4947
32 45 4947
16 37 4947
26 1 4947
34 91 4947
67 39 4947
28 47 4947
5 63 4947
62 45 4947
39 61 4947
23 53 4947
55 5 4947
96 43 4947
13 45 4947
35 63 4947
6 5 4947
92 45 4947
9 47 4947
69 61 4947
8 51 4947
30 69 4947
85 5 4947
2 7 4947
20 61 4947
4 53 4947
64 67 4947
97 15 4947
36 5 4947
38 51 4947
76 77 4947
15 67 4947
50 61 4947
94 67 4947
27 77 4947
66 5 4947
11 69 4947
43 21 4947
84 59 4947
45 67 4947
17 5 4947
22 83 4947
77 19 4947
57 77 4947
73 21 4947
18 85 4947
91 75 4947
75 67 4947
52 83 4947
24 21 4947
1 37 4947
87 77 4947
86 81 4947
58 19 4947
3 83 4947
80 37 4947
19 27 4947
98 91 4947
82 83 4947
54 21 4947
31 37 4947
88 19 4947
33 83 4947
65 35 4947
49 27 4947
26 43 4947
67 81 4947
61 37 4947
79 91 4947
63 83 4947
95 35 4947
12 37 4947
72 51 4947
56 43 4947
46 35 4947
68 53 4947
7 43 4947
9 89 4947
41 41 4947
53 51 4947
37 43 4947
97 57 4947
14 59 4947
30 3 4947
71 41 4947
48 57 4947
83 51 4947
60 67 4947
44 59 4947
76 11 4947
15 1 4947
34 51 4947
78 57 4947
55 73 4947
27 11 4947
11 3 4947
90 67 4947
29 57 4947
6 73 4947
45 1 4947
22 17 4947
96 3 4947
25 59 4947
85 73 4947
57 11 4947
2 75 4947
1 79 4947
18 19 4947
59 57 4947
91 9 4947
36 73 4947
75 1 4947
8 11 4947
52 17 4947
87 11 4947
31 79 4947
64 27 4947
3 17 4947
66 73 4947
38 11 4947
98 25 4947
43 89 4947
82 17 4947
17 73 4947
77 87 4947
61 79 4947
94 27 4947
33 17 4947
93 31 4947
10 33 4947
73 89 4947
67 15 4947
12 79 4947
89 33 4947
79 25 4947
24 89 4947
63 17 4947
68 95 4947
40 33 4947
58 87 4947
42 79 4947
19 95 4947
74 31 4947
51 47 4947
35 39 4947
54 89 4947
53 93 4947
86 41 4947
70 33 4947
9 23 4947
47 49 4947
88 87 4947
49 95 4947
21 33 4947
81 47 4947
83 93 4947
32 47 4947
16 39 4947
34 93 4947
28 49 4947
60 1 4947
62 47 4947
39 63 4947
23 55 4947
55 7 4947
96 45 4947
13 47 4947
57 53 4947
90 1 4947
6 7 4947
92 47 4947
69 63 4947
8 53 4947
30 71 4947
85 7 4947
2 9 4947
87 53 4947
20 63 4947
4 55 4947
64 69 4947
97 17 4947
36 7 4947
99 63 4947
38 53 4947
76 79 4947
15 69 4947
50 63 4947
94 69 4947
66 7 4947
11 71 4947
43 23 4947
84 61 4947
45 69 4947
17 7 4947
22 85 4947
77 21 4947
79 67 4947
73 23 4947
18 87 4947
12 13 4947
91 77 4947
75 69 4947
52 85 4947
24 23 4947
68 29 4947
1 39 4947
86 83 4947
58 21 4947
3 85 4947
42 13 4947
80 39 4947
19 29 4947
98 93 4947
82 85 4947
54 23 4947
31 39 4947
88 21 4947
33 85 4947
65 37 4947
49 29 4947
26 45 4947
67 83 4947
28 91 4947
61 39 4947
0 29 4947
60 43 4947
63 85 4947
95 37 4947
34 27 4947
72 53 4947
56 45 4947
46 37 4947
90 43 4947
7 45 4947
9 91 4947
41 43 4947
2 51 4947
53 53 4947
37 45 4947
97 59 4947
14 61 4947
30 5 4947
71 43 4947
48 59 4947
64 3 4947
83 53 4947
44 61 4947
76 13 4947
15 3 4947
78 59 4947
55 75 4947
94 3 4947
27 13 4947
11 5 4947
29 59 4947
6 75 4947
45 3 4947
22 19 4947
25 61 4947
85 75 4947
24 65 4947
57 13 4947
1 81 4947
18 21 4947
59 59 4947
91 11 4947
36 75 4947
75 3 4947
80 81 4947
52 19 4947
54 65 4947
87 13 4947
86 17 4947
31 81 4947
3 19 4947
66 75 4947
98 27 4947
43 91 4947
82 19 4947
17 75 4947
77 89 4947
61 81 4947
33 19 4947
93 33 4947
10 35 4947
73 91 4947
67 17 4947
12 81 4947
72 95 4947
89 35 4947
28 25 4947
5 41 4947
46 79 4947
79 27 4947
63 19 4947
40 35 4947
58 89 4947
42 81 4947
74 33 4947
51 49 4947
35 41 4947
53 95 4947
70 35 4947
9 25 4947
47 51 4947
88 89 4947
21 35 4947
81 49 4947
20 39 4947
83 95 4947
32 49 4947
16 41 4947
34 95 4947
50 39 4947
27 55 4947
60 3 4947
62 49 4947
39 65 4947
23 57 4947
55 9 4947
96 47 4947
13 49 4947
57 55 4947
6 9 4947
92 49 4947
69 65 4947
8 55 4947
85 9 4947
30 73 4947
2 11 4947
1 15 4947
87 55 4947
4 57 4947
64 71 4947
36 9 4947
38 55 4947
98 69 4947
15 71 4947
31 15 4947
94 71 4947
66 9 4947
11 73 4947
43 25 4947
84 63 4947
45 71 4947
17 9 4947
77 23 4947
22 87 4947
61 15 4947
79 69 4947
73 25 4947
18 89 4947
12 15 4947
91 79 4947
75 71 4947
52 87 4947
24 25 4947
68 31 4947
86 85 4947
58 23 4947
3 87 4947
42 15 4947
47 93 4947
80 41 4947
19 31 4947
82 87 4947
21 77 4947
54 25 4947
53 29 4947
88 23 4947
33 87 4947
65 39 4947
49 31 4947
26 47 4947
67 85 4947
83 29 4947
28 93 4947
60 45 4947
63 87 4947
95 39 4947
34 29 4947
72 55 4947
56 47 4947
13 91 4947
46 39 4947
90 45 4947
7 47 4947
92 91 4947
9 93 4947
41 45 4947
25 37 4947
2 53 4947
37 47 4947
97 61 4947
14 63 4947
30 7 4947
71 45 4947
48 61 4947
64 5 4947
44 63 4947
43 67 4947
76 15 4947
15 5 4947
78 61 4947
17 51 4947
55 77 4947
94 5 4947
11 7 4947
29 61 4947
73 67 4947
6 77 4947
45 5 4947
22 21 4947
85 77 4947
79 3 4947
24 67 4947
1 83 4947
18 23 4947
59 61 4947
91 13 4947
36 77 4947
75 5 4947
80 83 4947
52 21 4947
54 67 4947
31 83 4947
86 19 4947
3 21 4947
66 77 4947
65 81 4947
98 29 4947
82 21 4947
21 11 4947
77 91 4947
61 83 4947
33 21 4947
93 35 4947
10 37 4947
95 81 4947
67 19 4947
12 83 4947
89 37 4947
28 27 4947
5 43 4947
46 81 4947
63 21 4947
7 89 4947
40 37 4947
58 91 4947
42 83 4947
74 35 4947
13 25 4947
51 51 4947
35 43 4947
37 89 4947
70 37 4947
9 27 4947
88 91 4947
81 51 4947
20 41 4947
32 51 4947
16 43 4947
76 57 4947
50 41 4947
27 57 4947
62 51 4947
39 67 4947
23 59 4947
55 11 4947
96 49 4947
57 57 4947
6 11 4947
18 65 4947
92 51 4947
91 55 4947
8 57 4947
85 11 4947
30 75 4947
24 1 4947
1 17 4947
87 57 4947
4 59 4947
64 73 4947
36 11 4947
80 17 4947
38 57 4947
98 71 4947
15 73 4947
54 1 4947
31 17 4947
94 73 4947
66 11 4947
11 75 4947
10 79 4947
43 27 4947
84 65 4947
45 73 4947
17 11 4947
77 25 4947
22 89 4947
61 17 4947
79 71 4947
40 79 4947
73 27 4947
12 17 4947
72 31 4947
75 73 4947
52 89 4947
46 15 4947
68 33 4947
86 87 4947
58 25 4947
3 89 4947
70 79 4947
42 17 4947
47 95 4947
19 33 4947
82 89 4947
21 79 4947
53 31 4947
14 39 4947
33 89 4947
88 25 4947
32 93 4947
65 41 4947
49 33 4947
26 49 4947
67 87 4947
28 95 4947
83 31 4947
0 33 4947
60 47 4947
44 39 4947
62 93 4947
95 41 4947
34 31 4947
56 49 4947
13 93 4947
90 47 4947
7 49 4947
6 53 4947
39 1 4947
92 93 4947
9 95 4947
41 47 4947
25 39 4947
2 55 4947
37 49 4947
97 63 4947
36 53 4947
69 1 4947
30 9 4947
71 47 4947
48 63 4947
64 7 4947
66 53 4947
43 69 4947
98 5 4947
15 7 4947
78 63 4947
17 53 4947
55 79 4947
94 7 4947
11 9 4947
29 63 4947
73 69 4947
45 7 4947
22 23 4947
85 79 4947
79 5 4947
24 69 4947
1 85 4947
59 63 4947
58 67 4947
91 15 4947
75 7 4947
80 85 4947
52 23 4947
54 69 4947
86 21 4947
31 85 4947
70 13 4947
3 23 4947
47 29 4947
88 67 4947
65 83 4947
82 23 4947
21 13 4947
77 93 4947
61 85 4947
33 23 4947
93 37 4947
10 39 4947
95 83 4947
67 21 4947
12 85 4947
56 91 4947
89 39 4947
28 29 4947
5 45 4947
46 83 4947
63 23 4947
62 27 4947
7 91 4947
39 43 4947
42 85 4947
74 37 4947
13 27 4947
51 53 4947
35 45 4947
92 27 4947
37 91 4947
9 29 4947
69 43 4947
81 53 4947
20 43 4947
99 43 4947
16 45 4947
76 59 4947
50 43 4947
27 59 4947
11 51 4947
43 3 4947
84 41 4947
23 61 4947
55 13 4947
96 51 4947
57 59 4947
73 3 4947
6 13 4947
18 67 4947
91 57 4947
8 59 4947
85 13 4947
30 77 4947
24 3 4947
1 19 4947
87 59 4947
4 61 4947
64 75 4947
3 65 4947
36 13 4947
80 19 4947
38 59 4947
98 73 4947
15 75 4947
54 3 4947
31 19 4947
94 75 4947
33 65 4947
66 13 4947
65 17 4947
10 81 4947
45 75 4947
77 27 4947
22 91 4947
89 81 4947
61 19 4947
79 73 4947
63 65 4947
95 17 4947
40 81 4947
12 19 4947
72 33 4947
75 75 4947
52 91 4947
46 17 4947
51 95 4947
68 35 4947
7 25 4947
86 89 4947
58 27 4947
70 81 4947
42 19 4947
19 35 4947
82 91 4947
21 81 4947
81 95 4947
53 33 4947
37 25 4947
14 41 4947
88 27 4947
32 95 4947
49 35 4947
26 51 4947
67 89 4947
83 33 4947
60 49 4947
44 41 4947
62 95 4947
34 33 4947
56 51 4947
55 55 4947
13 95 4947
90 49 4947
29 39 4947
6 55 4947
92 95 4947
41 49 4947
25 41 4947
85 55 4947
2 57 4947
18 1 4947
59 39 4947
97 65 4947
36 55 4947
30 11 4947
71 49 4947
48 65 4947
64 9 4947
66 55 4947
43 71 4947
98 7 4947
15 9 4947
78 65 4947
17 55 4947
77 69 4947
94 9 4947
10 15 4947
84 1 4947
73 71 4947
45 9 4947
22 25 4947
79 7 4947
24 71 4947
1 87 4947
40 15 4947
58 69 4947
75 9 4947
80 87 4947
19 77 4947
52 25 4947
54 71 4947
86 23 4947
31 87 4947
70 15 4947
3 25 4947
47 31 4947
88 69 4947
65 85 4947
49 77 4947
82 25 4947
21 15 4947
26 93 4947
61 87 4947
0 77 4947
93 39 4947
32 29 4947
95 85 4947
67 23 4947
12 87 4947
56 93 4947
28 31 4947
5 47 4947
46 85 4947
62 29 4947
7 93 4947
39 45 4947
42 87 4947
41 91 4947
74 39 4947
13 29 4947
51 55 4947
35 47 4947
92 29 4947
37 93 4947
9 31 4947
69 45 4947
30 53 4947
71 91 4947
81 55 4947
20 45 4947
4 37 4947
16 47 4947
76 61 4947
50 45 4947
27 61 4947
11 53 4947
43 5 4947
84 43 4947
23 63 4947
22 67 4947
55 15 4947
96 53 4947
57 61 4947
73 5 4947
18 69 4947
91 59 4947
8 61 4947
52 67 4947
85 15 4947
24 5 4947
1 21 4947
87 61 4947
64 77 4947
58 3 4947
3 67 4947
80 21 4947
38 61 4947
98 75 4947
82 67 4947
15 77 4947
54 5 4947
31 21 4947
94 77 4947
88 3 4947
33 67 4947
65 19 4947
10 83 4947
26 27 4947
45 77 4947
77 29 4947
89 83 4947
61 21 4947
79 75 4947
63 67 4947
40 83 4947
95 19 4947
12 21 4947
72 35 4947
56 27 4947
75 77 4947
74 81 4947
46 19 4947
68 37 4947
7 27 4947
86 91 4947
70 83 4947
42 21 4947
19 37 4947
21 83 4947
53 35 4947
37 27 4947
14 43 4947
16 89 4947
49 37 4947
48 41 4947
67 91 4947
83 35 4947
60 51 4947
44 43 4947
34 35 4947
78 41 4947
55 57 4947
96 95 4947
90 51 4947
29 41 4947
6 57 4947
41 51 4947
25 43 4947
85 57 4947
2 59 4947
18 3 4947
59 41 4947
97 67 4947
36 57 4947
30 13 4947
71 51 4947
64 11 4947
3 1 4947
66 57 4947
98 9 4947
43 73 4947
15 11 4947
17 57 4947
77 71 4947
94 11 4947
33 1 4947
10 17 4947
73 73 4947
12 63 4947
45 11 4947
89 17 4947
22 27 4947
79 9 4947
24 73 4947
63 1 4947
1 89 4947
40 17 4947
58 71 4947
42 63 4947
75 11 4947
80 89 4947
19 79 4947
52 27 4947
51 31 4947
54 73 4947
86 25 4947
31 89 4947
70 17 4947
47 33 4947
88 71 4947
65 87 4947
49 79 4947
21 17 4947
81 31 4947
26 95 4947
61 89 4947
93 41 4947
32 31 4947
95 87 4947
34 77 4947
67 25 4947
56 95 4947
28 33 4947
5 49 4947
46 87 4947
90 93 4947
62 31 4947
7 95 4947
39 47 4947
23 39 4947
41 93 4947
13 31 4947
35 49 4947
92 31 4947
37 95 4947
9 33 4947
69 47 4947
30 55 4947
71 93 4947
20 47 4947
4 39 4947
97 1 4947
99 47 4947
16 49 4947
76 63 4947
15 53 4947
48 1 4947
50 47 4947
27 63 4947
11 55 4947
43 7 4947
84 45 4947
45 53 4947
78 1 4947
77 5 4947
22 69 4947
57 63 4947
73 7 4947
18 71 4947
91 61 4947
75 53 4947
8 63 4947
52 69 4947
24 7 4947
1 23 4947
87 63 4947
64 79 4947
58 5 4947
3 69 4947
80 23 4947
19 13 4947
38 63 4947
98 77 4947
82 69 4947
54 7 4947
31 23 4947
94 79 4947
88 5 4947
33 69 4947
93 83 4947
65 21 4947
10 85 4947
49 13 4947
26 29 4947
67 67 4947
89 85 4947
61 23 4947
0 13 4947
5 91 4947
79 77 4947
63 69 4947
95 21 4947
40 85 4947
12 23 4947
72 37 4947
56 29 4947
74 83 4947
46 21 4947
35 91 4947
68 39 4947
7 29 4947
86 93 4947
70 85 4947
9 75 4947
42 23 4947
41 27 4947
21 85 4947
53 37 4947
37 29 4947
97 43 4947
14 45 4947
71 27 4947
16 91 4947
48 43 4947
83 37 4947
60 53 4947
44 45 4947
34 37 4947
78 43 4947
55 59 4947
90 53 4947
29 43 4947
6 59 4947
22 3 4947
25 45 4947
85 59 4947
2 61 4947
18 5 4947
59 43 4947
36 59 4947
52 3 4947
64 13 4947
3 3 4947
66 59 4947
98 11 4947
43 75 4947
82 3 4947
15 13 4947
17 59 4947
77 73 4947
61 65 4947
94 13 4947
33 3 4947
10 19 4947
73 75 4947
12 65 4947
45 13 4947
89 19 4947
79 11 4947
24 75 4947
63 3 4947
68 81 4947
1 91 4947
40 19 4947
58 73 4947
42 65 4947
80 91 4947
74 17 4947
19 81 4947
51 33 4947
54 75 4947
86 27 4947
70 19 4947
47 35 4947
88 73 4947
65 89 4947
49 81 4947
21 19 4947
81 33 4947
83 79 4947
0 81 4947
60 95 4947
93 43 4947
32 33 4947
16 25 4947
95 89 4947
34 79 4947
28 35 4947
5 51 4947
46 89 4947
90 95 4947
62 33 4947
39 49 4947
23 41 4947
96 31 4947
41 95 4947
13 33 4947
35 51 4947
92 33 4947
9 35 4947
69 49 4947
8 39 4947
30 57 4947
71 95 4947
20 49 4947
4 41 4947
64 55 4947
97 3 4947
38 39 4947
76 65 4947
15 55 4947
50 49 4947
94 55 4947
27 65 4947
11 57 4947
43 9 4947
84 47 4947
45 55 4947
22 71 4947
77 7 4947
57 65 4947
73 9 4947
18 73 4947
91 63 4947
75 55 4947
52 71 4947
24 9 4947
68 15 4947
1 25 4947
87 65 4947
86 69 4947
58 7 4947
3 71 4947
80 25 4947
19 15 4947
98 79 4947
82 71 4947
54 9 4947
31 25 4947
88 7 4947
33 71 4947
93 85 4947
65 23 4947
10 87 4947
49 15 4947
26 31 4947
67 69 4947
89 87 4947
28 77 4947
61 25 4947
60 29 4947
5 93 4947
79 79 4947
63 71 4947
95 23 4947
40 87 4947
34 13 4947
72 39 4947
56 31 4947
74 85 4947
46 23 4947
90 29 4947
35 93 4947
7 31 4947
70 87 4947
9 77 4947
41 29 4947
21 87 4947
20 91 4947
53 39 4947
37 31 4947
97 45 4947
14 47 4947